Plot,Experiment,Rep,Block,GenotypeNum,ID,Weight,PalmiticAcid,LinoleicAcid,AlphaLinolenicAcid,OleicAcid
1,1,1,1,245,CA17900042C,0.9021,757.66,1810.61,654.24,1445.04
2,1,1,1,79,W6 25916,0.9021,591.01,2893.42,914.85,1847.48
3,1,1,1,67,W6 25902,0.9035,683.05,936.9,386.79,1065.88
4,1,1,1,30,W6 25864,0.903,561.34,2731.96,834.79,414.29
5,1,1,1,211,CA13900129C,0.9044,610.44,3161.11,926.99,852.17
6,1,1,1,21,PI 451043,0.901,612.85,1224.58,548.2,1196.34
7,1,1,1,221,CA15940130C ,0.9012,573.45,1644.21,649.73,2467.7
8,1,1,1,150,W6 25994,0.9037,717.79,2077.17,386.69,1189.04
9,1,1,1,209,CA13900049C ,0.9047,385.38,3039.59,657.69,1069.48
10,1,1,1,81,W6 25918,0.9057,470.29,1981.58,478.84,1683.7
11,1,1,1,16,PI 360279,0.9066,595.08,1858.55,751.07,1420.18
12,1,1,1,108,W6 25948,0.9078,583.41,1261.86,533.91,1089.34
13,1,1,1,190,W6 26040,0.9012,652.83,2133.91,788.51,1804.01
14,1,1,1,141,W6 25985,0.9027,708.79,1991.81,406.36,848.42
15,1,1,1,31,W6 25865,0.9016,711.27,2125.81,453.02,2127.05
16,1,1,1,198,W6 26048,0.9018,835.93,1175.86,577,2505.04
17,1,1,2,139,W6 25983,0.9009,608.3,1686.91,589.05,1089.52
18,1,1,2,35,W6 25869,0.9012,746.7,3146.56,847.01,1080.37
19,1,1,2,64,W6 25899,0.9028,472.54,2816.24,545.95,1171.38
20,1,1,2,62,W6 25897,0.9066,713.92,1916.65,826.83,2411.67
21,1,1,2,187,W6 26037,0.9012,601.33,2897.83,683.22,1094.89
22,1,1,2,169,W6 26016,0.9012,582.72,1667.29,1464.44,1841.93
23,1,1,2,188,W6 26038,0.9013,447.17,1768.89,599.55,1690.16
24,1,1,2,136,W6 25980,0.9017,499.11,1707.36,553.42,305.8
25,1,1,2,248,Sawyer,0.9009,600.5,2069.9,488.42,852.21
26,1,1,2,200,W6 26050,0.9011,555.83,2746.52,1260.74,1898.52
27,1,1,2,140,W6 25984,0.9012,690.55,2137.76,882.53,390.87
28,1,1,2,33,W6 25867,0.9037,752.64,3114.1,803.9,831.57
29,1,1,2,176,W6 26026,0.9032,608.74,2975.89,755.7,1171.24
30,1,1,2,224,CA15940154C ,0.9025,774.94,1162.62,498.65,853.5
31,1,1,2,160,W6 26006,0.8983,1279.47,2963.74,741.89,950.71
32,1,1,2,178,W6 26028,0.901,657.82,3109.92,783.64,1676.27
33,1,1,3,151,W6 25995,0.9038,1057.64,2231.98,480.02,3410.54
34,1,1,3,38,W6 25872,0.8993,320.56,2604.15,394.51,1154.74
35,1,1,3,92,W6 25931,0.9068,555.55,2926.31,697.96,1162.92
36,1,1,3,244,CA17900037C,0.9011,501.3,2834.62,579.46,1068.63
37,1,1,3,70,W6 25905,0.8996,498.82,2816.26,615.98,988.56
38,1,1,3,23,PI 451305,0.8997,450.49,2974.02,649.43,1544.22
39,1,1,3,146,W6 25990,0.9054,656.81,1435.66,599.55,1490.67
40,1,1,3,65,W6 25900,0.9005,556.8,2176.63,658.28,1040.49
41,1,1,3,34,W6 25868,0.8992,459.95,3483.21,562.53,1194.22
42,1,1,3,22,PI 451187,0.8993,649.77,1129.56,749.66,1100.09
43,1,1,3,249,CDC orion,0.8994,392.77,3119.44,491.51,2150.09
44,1,1,3,222,CA15940141C ,0.8993,423.9,1011.9,547.78,1994.08
45,1,1,3,162,W6 26008,0.9012,688.15,2942.72,809.08,1199.4
46,1,1,3,243,CA17900034C,0.8983,471.02,3421.32,649.25,691.01
47,1,1,3,120,W6 25962,0.9011,420.06,1316.29,621.23,1443.38
48,1,1,3,40,W6 25874,0.9039,330.92,1762.25,397.48,1471.01
49,1,1,4,142,W6 25986,0.9072,920.19,2224.33,789.3,1873.79
50,1,1,4,256,Spanish White,0.9021,486.08,3276.68,757.8,1088.82
51,1,1,4,234,CA17900011C,0.903,510.25,2136.35,343.97,422.57
52,1,1,4,197,W6 26047,0.9048,571.26,2001.91,480.21,868.78
53,1,1,4,71,W6 25906,0.903,1015.57,1363.79,505,1217.59
54,1,1,4,111,W6 25951,0.9009,2513.6,2294.87,619.97,2518.06
56,1,1,4,94,W6 25933,0.8993,2007.54,2291.18,574.85,1097.41
57,1,1,4,215,CA13900162C ,0.9013,581.15,1264.68,374.3,1725.6
58,1,1,4,217,CA15940045C ,0.9048,1028.9,1805.5,522.98,1451.46
59,1,1,4,104,W6 25944,0.9003,594.79,3385.93,498.68,1120.44
60,1,1,4,103,W6 25943,0.9039,740.55,3023.85,408.22,1834.78
61,1,1,4,52,W6 25886,0.9046,720.84,2065.11,627.62,863.59
62,1,1,4,166,W6 26012,0.9018,403.08,3113,699.41,2169.16
63,1,1,4,132,W6 25976,0.9001,664.92,1794.67,777.27,2559.99
64,1,1,4,205,CA0790B0547C ,0.9009,551.39,1902.5,687.32,1111.31
65,1,1,5,138,W6 25982,0.9012,420.95,1836.33,504.56,1101.87
66,1,1,5,247,Dwelley,0.9018,663.59,2222.93,922.76,1196.11
67,1,1,5,82,W6 25919,0.9001,524.5,2955.75,561.36,2477.84
68,1,1,5,28,PI 675523,0.9,443.97,2301.3,521.72,1118.24
69,1,1,5,125,W6 25967,0.9003,519.74,3360.37,781.13,1880.83
70,1,1,5,227,CA16940182C,0.9003,430.09,3209.3,489.05,1725.86
71,1,1,5,10,PI 359838,0.9009,443.8,1252.07,472.97,978.21
72,1,1,5,63,W6 25898,0.9027,427.56,3170.47,696.96,867.53
73,1,1,5,29,PI 675524,0.8991,392.95,3350.18,467.49,1940.75
74,1,1,5,161,W6 26007,0.9011,441.22,2406.56,510.23,398.76
75,1,1,5,155,W6 26001,0.9009,463.46,2794.44,731.68,850.83
76,1,1,5,147,W6 25991,0.9012,588.27,3165.24,879.27,1197.29
77,1,1,5,43,W6 25877,0.9012,552.55,3046.91,664.07,871.87
78,1,1,5,124,W6 25966,0.9001,600.38,3025.97,787.59,967.78
79,1,1,5,112,W6 25953,0.9009,389.24,3192.92,455.64,1709.97
80,1,1,5,179,W6 26029,0.9027,573.07,1547.94,1059.8,3482.91
81,1,1,6,242,CA17900028C,0.9009,533.37,2338.94,506.63,1175.72
82,1,1,6,42,W6 25876,0.9012,557.63,3735.86,916.54,1193.51
83,1,1,6,72,W6 25907,0.9048,533.35,1206.8,780.03,1085.45
84,1,1,6,191,W6 26041,0.9009,510.05,3348.04,973.38,1006.92
85,1,1,6,109,W6 25949,0.9066,516.56,1078.94,707.43,1563.08
86,1,1,6,60,W6 25895,0.9048,502.13,3150.85,588.4,1521.39
87,1,1,6,246,CA17900046C,0.9012,481.38,3666.18,628.36,1060.56
88,1,1,6,143,W6 25987,0.9001,485.33,1416.57,631.68,1216.89
89,1,1,6,3,PI 239859,0.9,435.44,1902.75,565.36,1121.2
90,1,1,6,51,W6 25885,0.9009,577.67,2407.85,757.06,2189.59
91,1,1,6,168,W6 26015,0.9012,636.19,3525.94,946.77,2029.5
92,1,1,6,89,W6 25926,0.9014,527.27,2300.69,651.33,1223.14
93,1,1,6,119,W6 25961,0.9025,502.19,2157.63,748.47,701.53
94,1,1,6,216,CA15940019C ,0.9032,381.36,1465.64,369.01,1468.73
95,1,1,6,80,W6 25917,0.9011,473.28,2466.5,653.16,1505.22
96,1,1,6,97,W6 25937,0.901,512.28,2306.15,576.45,1924.42
97,1,1,7,210,CA13900119C ,0.903,510.19,2452.72,868.81,1109.49
98,1,1,7,185,W6 26035,0.9038,445.15,1355.88,689.69,430.68
99,1,1,7,19,PI 450831,0.901,510.17,1949.24,869.96,889.96
100,1,1,7,193,W6 26043,0.9001,656.53,3640.61,727.52,1245.91
101,1,1,7,115,W6 25957,0.8993,497.33,3267.21,596.8,2573.05
102,1,1,7,1,PI 212893,0.9032,522.6,2223.31,628.68,1237.69
103,1,1,7,128,W6 25972,0.9024,432.32,3344.14,579.25,1115.46
104,1,1,7,149,W6 25993,0.901,395.92,1927.34,508.31,1760.81
105,1,1,7,238,CA17900017C,0.904,474.78,2038.07,646.18,1481.82
106,1,1,7,13,PI 360188,0.8983,584.37,1980.57,900.7,1145.37
107,1,1,7,153,W6 25998,0.9037,495.77,2384.66,616,1871.85
108,1,1,7,54,W6 25888,0.9042,590.75,3162.9,801.12,881.21
109,1,1,7,194,W6 26044,0.907,286.18,2454.77,372.23,2199.82
110,1,1,7,48,W6 25882,0.9,308.82,3613.48,663.41,2611.45
111,1,1,7,196,W6 26046,0.902,516.7,3443.81,553.95,1132.18
112,1,1,7,47,W6 25881,0.9003,426.69,1346.91,595.62,1125.14
113,1,1,8,152,W6 25996,0.9003,390,3417.44,502.84,1222.11
114,1,1,8,226,CA16940136C,0.8999,417.47,3598.21,611.96,2527.9
115,1,1,8,100,W6 25940,0.9019,623.3,2584.73,879.36,1138.21
116,1,1,8,57,W6 25892,0.9026,471.33,2998.33,606.63,1913.48
117,1,1,8,174,W6 26024,0.9005,545.98,3405.35,819.6,1760.03
118,1,1,8,49,W6 25883,0.9011,348.09,3275.76,413.56,318.38
119,1,1,8,73,W6 25909,0.9071,443.46,3227.77,685.31,880.58
120,1,1,8,180,W6 26030,0.8989,476.74,3439.94,561.6,1979.97
121,1,1,8,9,PI 359375,0.9,506.97,1669.02,805.98,1518.35
122,1,1,8,145,W6 25989,0.8998,455.17,2517.38,709.79,1091.15
123,1,1,8,6,PI 359111,0.9004,448.17,4019.66,850.59,1222.33
124,1,1,8,195,W6 26045,0.9056,572.78,1296.28,798.43,884.98
125,1,1,8,192,W6 26042,0.903,444.8,3590.55,575.86,983.9
126,1,1,8,55,W6 25890,0.9034,539.47,1164.02,662.25,1739.31
127,1,1,8,41,W6 25875,0.9017,595.79,3398.98,619.4,3556.47
128,1,1,8,5,PI 250144,0.8996,555.13,3947.84,740.75,1200.91
129,1,1,9,202,Nash,0.9036,447.66,1516.9,537.37,1214.24
130,1,1,9,154,W6 25999,0.8994,549.87,2046.68,595.52,1113.8
131,1,1,9,130,W6 25974,0.8993,389.78,2593.1,467.8,1028.91
132,1,1,9,235,CA17900013C,0.8991,240.74,3799.49,423.54,1607.73
133,1,1,9,17,PI 360583,0.9021,280.97,2471.52,587.3,1556.61
134,1,1,9,44,W6 25878,0.8996,358.39,2326.87,460.67,1083.61
135,1,1,9,204,CA0790B0043C ,0.8993,390.52,1582.49,604.1,1242.34
136,1,1,9,252,CA13900104G,0.9004,368.15,2653.34,504.86,1143.05
137,1,1,9,46,W6 25880,0.9065,443.7,2464.12,620.73,2219.65
138,1,1,9,214,CA13900151C ,0.9005,406.06,2644.05,666.4,2071.74
139,1,1,9,189,W6 26039,0.9003,443.15,1463.11,599.66,1249.1
140,1,1,9,122,W6 25964,0.9007,462.8,2096.06,524.34,716.99
141,1,1,9,208,CA13900046C ,0.8995,359.49,3916,471.21,1504.25
142,1,1,9,250,CA13900101G,0.9002,336.4,3508.74,417.36,1536.86
143,1,1,9,105,W6 25945,0.903,467.54,2390.77,605.36,1958.61
144,1,1,9,170,W6 26017,0.8992,382.48,3607.89,508.84,1136.55
145,1,1,10,133,W6 25977,0.9023,457.64,2068.8,550.23,440
146,1,1,10,76,W6 25913,0.903,377.74,2193.33,434.55,905.68
147,1,1,10,84,W6 25921,0.8998,307.05,2125.5,385.43,1271.21
148,1,1,10,121,W6 25963,0.9002,394.8,2573.49,524.98,2621.88
149,1,1,10,101,W6 25941,0.9046,328.81,3398.77,437.66,1260.57
150,1,1,10,86,W6 25923,0.9056,423.22,2643.07,625.42,1133.81
151,1,1,10,254,CDC Frontier,0.903,343.2,3871.34,480.11,1791.92
152,1,1,10,201,Sierra,0.9009,407.26,3706.53,718.56,1516.73
153,1,1,10,102,W6 25942,0.9023,411.55,1444.61,628.55,1163.04
154,1,1,10,75,W6 25912,0.903,496.55,3662.41,696.07,1910.62
155,1,1,10,83,W6 25920,0.8991,441.69,3871.55,609.81,903.96
156,1,1,10,66,W6 25901,0.8998,491.8,2784.97,587.99,2261.75
157,1,1,10,175,W6 26025,0.9001,406.85,3232.22,490.62,2663.41
158,1,1,10,87,W6 25924,0.9056,348.87,3640.4,440.35,1150.24
159,1,1,10,68,W6 25903,0.9052,454.61,3505.35,610.75,1141.37
160,1,1,10,183,W6 26033,0.9065,363.25,3472.26,467.27,1238.02
161,1,1,11,8,PI 359366,0.8991,470.26,3697.2,512.51,1357.32
162,1,1,11,177,W6 26027,0.9078,365.91,1778.74,473.03,1153.39
163,1,1,11,96,W6 25936,0.9037,348.66,2694.61,413.14,1949.42
164,1,1,11,53,W6 25887,0.9066,445.45,4291.57,553.49,1783.12
165,1,1,11,50,W6 25884,0.9047,330.67,1394.88,449.82,323.45
166,1,1,11,15,PI 360273,0.9057,387.78,3848.73,583.32,899.62
167,1,1,11,159,W6 26005,0.9039,350.77,1250.7,495.61,2008.52
168,1,1,11,163,W6 26009,0.9009,368.67,3657.19,850.52,414.96
169,1,1,11,113,W6 25954,0.9066,495.85,4211.1,745.77,879.58
170,1,1,11,167,W6 26014,0.9009,528.12,1635.55,749.73,1246.16
171,1,1,11,220,CA15940127C ,0.9027,483.2,2192.29,617.02,905.56
172,1,1,11,20,PI 450953,0.9057,494.2,2767.94,617.88,1000.68
173,1,1,11,165,W6 26011,NA,NA,NA,NA,NA
174,1,1,11,36,W6 25870,0.9037,344.28,2652.13,410.5,1406.47
175,1,1,11,236,CA17900014C,0.9009,450.4,2497.89,638.51,1223.22
176,1,1,11,223,CA15940142W ,0.9027,361.61,1694.74,402.36,1239.75
177,1,1,12,241,CA17900021C,0.9039,418.84,2841.56,547.24,1130.54
178,1,1,12,231,CA16940221C,0.9003,320.4,2667.18,495.5,1048.33
179,1,1,12,158,W6 26004,0.9009,361.13,2841.22,430.21,1636.61
180,1,1,12,127,W6 25971,0.9027,453.61,1568.77,576.21,1586.63
181,1,1,12,131,W6 25975,0.9068,247.46,2238.08,456.21,1096.52
182,1,1,12,225,CA16940099C,0.8991,436.3,4211.8,712.93,1267.44
183,1,1,12,91,W6 25930,0.8992,344.04,3776.04,471.44,1167.54
184,1,1,12,114,W6 25955,0.8993,443.88,2580.61,692,1170.14
185,1,1,12,85,W6 25922,0.8994,567.11,3877.32,838.47,2115.71
186,1,1,12,25,PI 451433,0.8998,527,2230.18,773.05,1274.84
187,1,1,12,88,W6 25925,0.8994,448.25,2367.25,588.95,1065.89
188,1,1,12,251,CA13900103G,0.8995,579.65,2285.6,567.89,1534.33
189,1,1,12,218,CA15940049C ,0.8996,403.63,2768.16,525.06,1568.54
190,1,1,12,182,W6 26032,0.8995,306.31,3674.13,437.63,2005.37
191,1,1,12,206,CA0890B0429C ,0.8997,487.55,2859.76,568.38,1158.58
192,1,1,12,253,Myles,0.8996,933.86,4177.49,564.3,450.14
193,1,1,13,18,PI 450727,0.8992,524.54,3992.09,486.22,927.76
194,1,1,13,123,W6 25965,0.8999,986.45,1557.15,529.67,1296.51
195,1,1,13,233,CA17900005C,0.9011,1009.17,3945.74,743.84,1561.86
196,1,1,13,93,W6 25932,0.9059,222.45,4130.53,251.4,1283.86
197,1,1,13,61,W6 25896,0.9057,433.01,2974.23,420.05,1156.26
198,1,1,13,90,W6 25929,0.9006,327.24,3472.56,388.32,1832.68
199,1,1,13,144,W6 25988,0.9013,358.68,3931.77,475.05,1546.29
200,1,1,13,56,W6 25891,0.9031,331.35,3776.88,435.73,1185.23
201,1,1,13,203,Billy Beans,0.903,381.79,3747.18,440.59,1949.03
202,1,1,13,118,W6 25960,0.903,409.57,3957.47,588.18,918.09
203,1,1,13,181,W6 26031,0.9033,363.21,1921.66,549.58,2298.03
204,1,1,13,186,W6 26036,0.9043,395.01,2894.69,484.77,2703.99
205,1,1,13,212,CA13900139C ,0.9099,484.05,4597.03,589.07,1167.68
206,1,1,13,232,CA16940239C,0.9051,567.05,1498.75,842.15,1164.32
207,1,1,13,213,CA13900147C ,0.9057,627.71,4136.97,783.34,1263.78
208,1,1,13,148,W6 25992,0.9066,347.96,1340.37,449.25,2610.47
209,1,1,14,207,CA13900023C,0.9042,701.03,3917.02,950.03,1181.14
210,1,1,14,239,CA17900019C,0.9041,828.81,2327.46,996.56,1987.42
211,1,1,14,69,W6 25904,0.9056,222.54,1749.14,251.49,1820.95
212,1,1,14,78,W6 25915,0.9051,345.53,2350.39,420.82,329.76
213,1,1,14,74,W6 25911,0.9065,305.28,2972.88,386.15,916.79
214,1,1,14,4,PI 249981,0.903,342.31,4371.55,453.53,2050.52
215,1,1,14,7,PI 359317,0.9033,332.79,2852.17,487.11,1529.15
216,1,1,14,137,W6 25981,0.9057,369.12,2670.84,473.25,898.06
217,1,1,14,171,W6 26018,0.9067,385.52,1813.72,495.21,1262.89
218,1,1,14,173,W6 26023,0.9077,412.31,3041.66,542.17,918.55
219,1,1,14,184,W6 26034,0.9087,404.05,2840.55,487.72,1017.27
220,1,1,14,135,W6 25979,0.9099,492.18,3024.13,600.56,1796.7
221,1,1,14,12,PI 359864,0.9033,512.07,1685.25,788.43,3693.52
222,1,1,14,106,W6 25946,0.9048,493.87,2411.43,670.81,1242.36
223,1,1,14,58,W6 25893,0.9037,347.75,2291.53,409.44,1263.17
224,1,1,14,26,PI 451453,0.9039,683.79,4038.25,754.19,1153.15
225,1,1,15,45,W6 25879,0.903,693.99,2762.84,557.19,1066.11
226,1,1,15,164,W6 26010,NA,NA,NA,NA,NA
227,1,1,15,116,W6 25958,0.9048,355.64,2384.1,449,1614.51
228,1,1,15,98,W6 25938,0.9087,264.79,2518.87,422.48,1116.12
229,1,1,15,39,W6 25873,0.9032,312.78,2446.99,452.99,1286.87
230,1,1,15,107,W6 25947,0.9033,343.77,2963.63,596.38,1185.44
231,1,1,15,24,PI 451431,0.9034,362.66,3932.78,653.88,2317.14
232,1,1,15,219,CA15940057C ,0.9038,346.26,3060.48,547.56,2147.72
233,1,1,15,199,W6 26049,0.903,428.75,4474.26,784.04,1295.81
234,1,1,15,156,W6 26002,0.9031,361.67,4272.7,600.08,743.95
235,1,1,15,117,W6 25959,0.8993,394.03,1675.1,899.81,1565.49
236,1,1,15,110,W6 25950,0.9057,356.72,4219.77,782.72,1589.11
237,1,1,15,129,W6 25973,0.9053,569.6,2234.18,867.93,2032.48
238,1,1,15,14,PI 360223,0.9046,372.79,3201.43,757.64,1175.41
239,1,1,15,2,PI 215702,0.9003,684.5,3734.49,734.63,458.82
240,1,1,15,229,CA16940195C,0.903,701.66,3111.3,611.26,942.27
241,1,1,16,172,W6 26022,0.9058,222.47,4048.06,550.27,1313.78
242,1,1,16,27,PI 451598,0.9013,345.26,4035.45,766.72,2724.27
243,1,1,16,255,Royal,0.9089,335.24,4226.51,582.53,1305.27
244,1,1,16,95,W6 25934,0.9031,334.23,2066.2,637.77,1182.79
245,1,1,16,240,CA17900020C,0.9017,429.54,3120.78,595.3,1867.1
246,1,1,16,228,CA16940193C,0.9012,397.05,1660.41,517.82,1577.38
247,1,1,16,99,W6 25939,0.9075,472.3,1607.01,691.24,1203.19
248,1,1,16,134,W6 25978,0.9026,444.5,1139,563.57,1988.8
249,1,1,16,230,CA16940200C,0.9012,314.76,1449.52,732.72,938.22
250,1,1,16,11,PI 359852,0.9013,324.54,4224.23,621.24,1239.67
251,1,1,16,157,W6 26003,0.9015,326.69,4894.12,1062.41,2766.59
252,1,1,16,77,W6 25914,0.9013,572.76,1889.14,937.7,1202.32
253,1,1,16,37,W6 25871,NA,NA,NA,NA,NA
254,1,1,16,126,W6 25970,0.9003,620.23,3217.86,773.36,1296.91
255,1,1,16,237,CA17900016C,0.9031,707.24,4698.95,774.51,2673.02
256,1,1,16,59,W6 25894,0.906,222.43,3056.96,642.82,1202.37
257,1,2,17,41,W6 25875,0.9092,337.23,2860.08,509.97,2015.74
258,1,2,17,237,CA17900016C,0.9042,350.69,1955.17,795.2,1860.14
259,1,2,17,213,CA13900147C ,0.9051,267.68,3279.21,501.6,336.36
260,1,2,17,112,W6 25953,0.9069,299.94,3059.65,681.74,934.66
261,1,2,17,80,W6 25917,0.905,354.18,3268.38,616.11,2086.96
262,1,2,17,105,W6 25945,0.903,478.73,1812.36,536.54,430.73
263,1,2,17,2,PI 215702,0.9012,466.73,2602.37,721.41,1031.55
264,1,2,17,120,W6 25962,0.9013,330.58,4855.13,573.73,1295.86
265,1,2,17,160,W6 26006,0.9034,318.64,4343.28,886.91,941.39
266,1,2,17,132,W6 25976,0.9069,374.06,2957.1,584.27,1039.67
267,1,2,17,58,W6 25893,0.9023,528.57,4466.44,862.07,1847.98
268,1,2,17,31,W6 25865,0.9059,358.13,2559.86,1040.59,3756.55
269,1,2,17,236,CA17900014C,0.9066,733.14,2713.96,959.03,1264.56
270,1,2,17,68,W6 25903,0.9039,615,2628.68,542.39,1288.17
271,1,2,17,196,W6 26046,0.9021,223.38,3190.03,315.55,1178.44
272,1,2,17,206,CA0890B0429C ,0.903,359.1,4229.85,561.87,1087.43
273,1,2,18,5,PI 250144,0.9033,377.59,3291.65,634.08,1698.15
274,1,2,18,59,W6 25894,0.9039,283.5,4805.05,540.66,1648.6
275,1,2,18,148,W6 25992,0.9021,474.97,4598.19,778.98,1146.73
276,1,2,18,179,W6 26029,0.9021,379.88,1795.17,575.08,1314.31
277,1,2,18,97,W6 25937,0.9023,497.27,4553.43,1102.99,1210.48
278,1,2,18,170,W6 26017,0.9024,560.18,4791.89,851.44,2366.07
279,1,2,18,229,CA16940195C,0.903,321.92,3447.7,563.2,2192.64
280,1,2,18,40,W6 25874,0.9048,369.26,3994.63,511.61,1319.1
281,1,2,18,178,W6 26028,0.9012,419.74,4544.56,701.65,760.49
282,1,2,18,205,CA0790B0547C ,0.9031,636.37,4364.66,806.1,1589.96
283,1,2,18,26,PI 451453,0.903,364.09,4330.33,659.78,1625.9
284,1,2,18,198,W6 26048,0.9033,691.41,4571.54,610.13,2077.67
285,1,2,18,223,CA15940142W ,0.9032,223.14,2220.94,758.04,1200.71
286,1,2,18,183,W6 26033,0.9021,505.48,3353.17,541.41,467.02
287,1,2,18,47,W6 25881,0.903,357.77,5353.16,561.04,961.21
288,1,2,18,253,Myles,0.9048,342.1,1732.68,559.67,1341.65
289,1,2,19,73,W6 25909,0.903,371.12,4795.54,670.31,2773.78
290,1,2,19,99,W6 25939,0.9033,465.65,1554.67,753.91,1339.59
291,1,2,19,144,W6 25988,0.904,409.12,4527.5,606.56,1205.25
292,1,2,19,10,PI 359838,0.903,501.86,5252.8,568.79,1901.79
293,1,2,19,246,CA17900046C,0.9087,508.38,2014.35,634.06,1595.71
294,1,2,19,204,CA0790B0043C ,0.9069,349.85,2710.79,596.26,1227.98
295,1,2,19,24,PI 451431,0.9032,349.39,3447.84,613.72,2027.16
296,1,2,19,146,W6 25990,0.9021,419.35,5056.91,743.33,956.03
297,1,2,19,188,W6 26038,0.9021,653.52,3300.64,695.41,2394.21
299,1,2,19,7,PI 359317,0.9033,726.2,2103.9,632.95,1223.68
300,1,2,19,221,CA15940130C ,0.9035,223.05,3531.46,647.12,1213.52
301,1,2,19,159,W6 26005,0.9046,657.72,3297.62,618.41,1316.54
302,1,2,19,254,CDC Frontier,0.9053,341.41,3512.46,488.46,2719.98
303,1,2,19,128,W6 25972,0.9031,353.1,1947.9,502.77,1230.32
304,1,2,19,91,W6 25930,0.903,418.17,2791.98,760.11,2070.18
305,1,2,20,174,W6 26024,0.9051,556.64,5197.49,612.85,1895.46
306,1,2,20,240,CA17900020C,0.9058,370.2,4656.52,581.69,342.81
307,1,2,20,61,W6 25896,0.903,491.95,3192.49,656.23,957.44
308,1,2,20,125,W6 25967,0.9021,540.5,4802.38,561.25,2135.49
309,1,2,20,109,W6 25949,0.9013,339.37,2765.85,552.24,440.13
310,1,2,20,17,PI 360583,0.9089,336.76,2910.29,565.99,931.11
311,1,2,20,39,W6 25873,0.9031,479.38,2828.08,1048.25,1319.14
312,1,2,20,70,W6 25905,0.9004,710.2,2233.26,1184.03,963.39
313,1,2,20,187,W6 26037,0.9029,391.87,2955.9,590.98,1065.21
314,1,2,20,71,W6 25906,0.9017,735.74,2304.17,642.06,1886.25
315,1,2,20,74,W6 25911,0.8998,223.96,3372.62,760.96,3857.71
316,1,2,20,211,CA13900129C,0.9053,700.8,3201.82,476.24,1291.78
317,1,2,20,50,W6 25884,0.9045,393.82,1251.01,634.36,1313.02
318,1,2,20,101,W6 25941,0.903,393.08,3179.18,624.25,1200.81
319,1,2,20,115,W6 25957,0.9061,522.65,3334.71,445.19,1105.32
320,1,2,20,131,W6 25975,0.9003,601.96,2416.3,449.07,1738
321,1,2,21,226,CA16940136C,0.9057,281.25,2788.2,658.22,1678.07
322,1,2,21,27,PI 451598,0.9063,486.64,3157.56,514.61,1164.32
323,1,2,21,123,W6 25965,0.9091,590.67,3029.9,584.09,1330.26
324,1,2,21,247,Dwelley,0.9021,362.85,3028.83,626.39,1235.05
325,1,2,21,42,W6 25876,0.904,414.18,3191.82,730.59,2409.07
326,1,2,21,154,W6 25999,0.9023,564.18,2389.89,519.87,2238.05
327,1,2,21,164,W6 26010,0.9023,837.26,3603.94,593.92,1349.1
328,1,2,21,38,W6 25872,0.902,460.68,5760.96,750.37,775.01
329,1,2,21,35,W6 25869,0.9039,894.56,1864.3,566.34,1620.31
330,1,2,21,256,Spanish White,0.9047,222.78,5145.47,314.68,1655.28
331,1,2,21,239,CA17900019C,0.9026,745.87,1672.6,624.73,2120.91
332,1,2,21,79,W6 25916,0.9031,459.64,4871.91,659.79,1224.85
333,1,2,21,177,W6 26027,0.9092,428.24,5608.23,631.51,472.69
334,1,2,21,76,W6 25913,0.9009,572,2184.23,492.39,982.68
335,1,2,21,185,W6 26035,0.9021,592.84,2929.78,494.47,1372.57
336,1,2,21,231,CA16940221C,0.9019,503.04,3711.97,747.94,2832.64
337,1,2,22,49,W6 25883,0.9025,674.89,5434.01,524.92,1367.6
338,1,2,22,228,CA16940193C,0.9076,698.33,3526.4,549.82,1224.48
339,1,2,22,90,W6 25929,0.9051,376.38,3320.28,630.81,1935.2
340,1,2,22,227,CA16940182C,0.9055,445.93,2256.31,626.07,1633.45
341,1,2,22,60,W6 25895,0.9038,612.43,3795.19,468.47,1256.9
342,1,2,22,44,W6 25878,0.9017,903.79,3556.25,472.67,2071.21
343,1,2,22,107,W6 25947,0.9057,443.43,3774.4,721.2,971.38
344,1,2,22,23,PI 451305,0.9015,1125.28,2097.75,575.39,2443.55
345,1,2,22,169,W6 26016,0.9013,223.58,3007.07,759.67,2878.94
346,1,2,22,111,W6 25951,0.9012,713.63,2282.77,631.09,1251.14
347,1,2,22,4,PI 249981,0.9041,261,1697.08,495.58,1236.93
348,1,2,22,21,PI 451043,0.9017,439.49,2328.03,619.83,1347.15
349,1,2,22,15,PI 360273,0.9013,423.67,2948.27,785.05,2786.55
350,1,2,22,86,W6 25923,0.9025,667.31,2969.44,1065.99,1255.8
351,1,2,22,1,PI 212893,0.9085,497.17,3129.8,693.18,2098.84
352,1,2,22,225,CA16940099C,0.9026,553.25,3042.01,607.94,1938.76
353,1,2,23,9,PI 359375,0.9024,755.97,3685.38,602.52,350.99
354,1,2,23,230,CA16940200C,0.9028,354.1,1566.01,619.58,976.88
355,1,2,23,203,Billy Beans,0.9016,508.3,3811.12,629.08,2179.5
356,1,2,23,29,PI 675524,0.9022,223.36,1129.36,648.01,448.49
357,1,2,23,3,PI 239859,0.905,737.02,5296.89,579.54,953.79
358,1,2,23,46,W6 25880,1.1716,352.49,1597.3,497.12,1037.23
359,1,2,23,199,W6 26049,0.9044,1065.09,2887.52,731.56,978.36
360,1,2,23,34,W6 25868,0.9051,223.02,3036.62,315.04,1083.82
361,1,2,23,248,Sawyer,0.9019,835.4,2193.96,671.56,1923.59
362,1,2,23,215,CA13900162C ,0.9022,456.41,2546.05,702.14,3924.28
363,1,2,23,171,W6 26018,0.9066,481.67,2871.02,503.13,1315.65
364,1,2,23,209,CA13900049C ,0.9076,653.52,2760.41,395.08,1334.64
365,1,2,23,113,W6 25954,0.9051,949.93,2745.77,573.28,1222.03
366,1,2,23,102,W6 25942,0.903,516.53,2906.8,744.45,1131.36
367,1,2,23,238,CA17900017C,0.9044,692.97,1409.79,358.19,1764.65
368,1,2,23,85,W6 25922,0.9051,947.21,2124.27,374.51,1712.82
369,1,2,24,55,W6 25890,0.9012,419.98,2299.54,737.49,1194.36
370,1,2,24,126,W6 25970,0.9019,527.73,2008.72,900.06,1367.68
371,1,2,24,232,CA16940239C,0.9021,338.84,1112.95,315.53,1259.63
372,1,2,24,124,W6 25966,0.9076,583.1,1788.07,627.69,2447.52
373,1,2,24,216,CA15940019C ,0.9073,710.2,2788.58,949,2270.37
374,1,2,24,250,CA13900101G,0.9085,432.31,6033.02,617.53,1366.69
375,1,2,24,14,PI 360223,0.9012,498.6,2347.34,315.99,791.22
376,1,2,24,243,CA17900034C,0.9099,671.4,3122.44,863.77,1641.94
377,1,2,24,224,CA15940154C ,0.9057,559.29,3973.34,826.49,1686.38
378,1,2,24,166,W6 26012,0.9087,548.71,1399.83,919.24,2148.77
379,1,2,24,106,W6 25946,0.9067,1070.17,3794.64,1425.62,1244.39
380,1,2,24,141,W6 25985,0.9077,266.44,3559.05,2334.43,482.9
381,1,2,24,36,W6 25870,0.9059,560.6,2424.33,887.58,996.76
382,1,2,24,87,W6 25924,0.903,551.68,4083.48,741.45,1398.63
383,1,2,24,48,W6 25882,0.9087,514.14,3793.47,551.82,2867.57
384,1,2,24,182,W6 26032,0.903,684.83,4069.59,783.23,1394.26
385,1,2,25,145,W6 25989,0.9048,709.29,2247.02,647.46,1252.94
386,1,2,25,11,PI 359852,0.9077,599.76,3209.87,313.6,1968.23
387,1,2,25,118,W6 25960,0.9057,806.97,6002.17,333.4,1665.62
388,1,2,25,161,W6 26007,0.903,842.34,5398.33,465.75,1283.19
389,1,2,25,51,W6 25885,0.9048,451.83,3682.35,984.52,2105.5
390,1,2,25,214,CA13900151C ,0.9059,534.85,1663.15,314.56,990.51
391,1,2,25,156,W6 26002,0.9023,625.27,3192.78,961.62,2490.19
392,1,2,25,22,PI 451187,0.903,640.05,3385.3,611.83,2931.25
393,1,2,25,200,W6 26050,0.9048,532.64,3262.36,707.49,1271.09
394,1,2,25,217,CA15940045C ,0.9089,1339.39,3933.56,625.67,1255.06
395,1,2,25,173,W6 26023,0.9012,268.35,5265.21,615.51,1374.92
396,1,2,25,81,W6 25918,0.9012,856.27,2989.01,844.48,2842.57
397,1,2,25,167,W6 26014,0.9013,314.17,3292.28,589.26,1282.58
398,1,2,25,75,W6 25912,0.9015,527.49,3143.97,315.76,2157.47
399,1,2,25,13,PI 360188,0.9019,508.1,1226.82,844.7,1979.11
400,1,2,25,25,PI 451433,0.9015,801.65,3113.98,502.04,358.37
401,1,2,26,195,W6 26045,0.9016,601.18,3277.06,315.72,997.71
402,1,2,26,77,W6 25914,0.9017,664.56,2358.98,727.16,2222.87
403,1,2,26,186,W6 26036,0.9016,907.97,2738.91,830.02,457.78
404,1,2,26,147,W6 25991,0.9018,425.38,3102.96,605.09,976.36
405,1,2,26,89,W6 25926,0.9017,609.89,2986.97,748.21,1374.62
406,1,2,26,122,W6 25964,0.9012,268.32,2964.36,604.35,1001.41
407,1,2,26,110,W6 25950,0.9015,666.02,3129.79,581.99,1109.9
408,1,2,26,222,CA15940141C ,0.9018,549.53,2763.47,792.49,1962.26
409,1,2,26,33,W6 25867,0.9014,616.71,1950.26,593.13,4006.36
410,1,2,26,103,W6 25943,0.9012,268.8,2224.75,673.38,1350.13
411,1,2,26,135,W6 25979,0.9018,559.02,2159.59,757.07,1370.15
412,1,2,26,108,W6 25948,0.9016,548.07,2639.01,585.34,1251.32
413,1,2,26,20,PI 450953,0.9018,581.12,1934.63,550.74,1155.48
414,1,2,26,66,W6 25901,0.9019,567.47,1502.52,727.36,1804.97
415,1,2,26,54,W6 25888,0.9031,478.06,4240.75,611.83,1750.9
416,1,2,26,251,CA13900103G,0.9034,619.53,1636.13,705.67,1215.22
417,1,2,27,6,PI 359111,0.9048,831.24,2194.16,1612.14,1390.6
418,1,2,27,157,W6 26003,0.9077,582.56,2770.32,528.84,1276.93
419,1,2,27,181,W6 26031,0.903,502.97,2972.28,381.48,2509.39
420,1,2,27,155,W6 26001,0.9063,630.19,2652.82,322.16,2318.3
421,1,2,27,168,W6 26015,0.9073,529.47,2488.12,761.03,1395.96
422,1,2,27,189,W6 26039,0.9032,722.38,1699.06,409.71,805.19
423,1,2,27,117,W6 25959,0.9057,1044.2,2844.55,1093.42,1682.42
424,1,2,27,249,CDC orion,0.9066,565.88,2656.73,648.96,1718.4
425,1,2,27,140,W6 25984,0.903,763.48,2843.63,409.83,2205.72
426,1,2,27,104,W6 25944,0.9033,1044.01,1572.61,943.61,1274.08
427,1,2,27,184,W6 26034,0.9043,460.37,2251.37,1075.81,494.42
428,1,2,27,16,PI 360279,0.903,579.8,4206.96,785.6,1020.04
429,1,2,27,220,CA15940127C ,0.9039,371.98,2661.69,970.25,1425.04
430,1,2,27,83,W6 25920,0.9042,643.83,2574.58,467.33,2939.46
431,1,2,27,153,W6 25998,0.9067,450.83,3858.28,325.28,1416.22
432,1,2,27,88,W6 25925,0.9051,477.34,2224.09,565.93,1277.49
433,1,2,28,57,W6 25892,0.9033,547.15,2364.54,615.95,2017.39
434,1,2,28,95,W6 25934,0.9053,742.28,2278.22,364.48,1699.77
435,1,2,28,93,W6 25932,0.9077,613.88,2752.12,328.74,1301.99
436,1,2,28,28,PI 675523,0.9051,605.98,3662.99,317.39,2146.75
437,1,2,28,191,W6 26041,0.9061,405.47,2848.54,314.29,1010.12
438,1,2,28,235,CA17900013C,0.9059,293.67,4161.52,314.43,2529.91
439,1,2,28,98,W6 25938,0.903,618.69,3987.9,315.33,2989.88
440,1,2,28,244,CA17900037C,0.9057,604.98,1551.97,314.3,1295.1
441,1,2,28,62,W6 25897,0.9087,565.56,3924.86,313.38,1280.41
442,1,2,28,197,W6 26047,0.9081,749.07,4133.68,313.48,1391.73
443,1,2,28,78,W6 25915,0.9096,776.05,2970.91,312.95,2872.77
444,1,2,28,30,W6 25864,0.9059,661.05,3120.13,314.67,1301.61
445,1,2,28,53,W6 25887,0.9069,886.53,2722.68,641.61,2187.53
446,1,2,28,121,W6 25963,0.9048,924.73,1397.35,346.81,2012.28
447,1,2,28,193,W6 26043,0.9051,496.82,3559.57,728.22,364.08
448,1,2,28,127,W6 25971,0.9019,590.98,2788.48,822.32,1017.36
449,1,2,29,192,W6 26042,0.9022,687.86,2969.25,661.86,2265.97
450,1,2,29,37,W6 25871,0.9066,701.19,1146.94,616.89,464.34
451,1,2,29,212,CA13900139C ,0.9076,700.42,1603.31,691.31,989.47
452,1,2,29,43,W6 25877,0.9051,585.67,2313.03,650.61,1396.82
453,1,2,29,119,W6 25961,0.903,1483.01,3081.88,668.54,1019.5
454,1,2,29,208,CA13900046C ,0.9044,294.13,2073.73,807.47,1128.5
455,1,2,29,129,W6 25973,0.9051,937.87,2724.63,754.75,1994.15
456,1,2,29,162,W6 26008,0.9012,345.65,2590.21,653.58,1087.71
457,1,2,29,176,W6 26026,0.9019,580.01,2710.48,690.39,1376.04
458,1,2,29,52,W6 25886,0.9021,558.74,3639.29,705.77,1397
459,1,2,29,12,PI 359864,0.9076,875.88,2378.6,671.18,1267.87
460,1,2,29,190,W6 26040,0.9073,657.17,2306.37,530.77,1171.47
461,1,2,29,165,W6 26011,0.9085,725.52,3275.82,544.26,1827.59
462,1,2,29,175,W6 26025,0.9012,999.27,4142.88,829.5,1789.84
463,1,2,29,194,W6 26044,0.9009,468.39,2817.27,670.53,1242.99
464,1,2,29,218,CA15940049C ,0.9057,667.89,2496.32,633.53,1416.86
465,1,2,30,152,W6 25996,0.9042,777.63,2343.17,499.31,1686.27
466,1,2,30,172,W6 26022,0.9041,687.15,3347.55,860.73,1464.26
467,1,2,30,18,PI 450727,0.9056,608.75,1978.74,725.22,1234.83
468,1,2,30,138,W6 25982,0.9051,678.02,2413.69,475.41,1369.29
469,1,2,30,242,CA17900028C,0.9065,730.3,3496.66,515.12,1487.04
470,1,2,30,202,Nash,0.903,749.59,2948.43,261.44,1913.35
471,1,2,30,45,W6 25879,0.9033,759.69,3820.13,396.44,1475.38
472,1,2,30,151,W6 25995,0.9057,788.37,2278,627.78,2078.08
473,1,2,30,139,W6 25983,0.9067,543.93,2129.31,412.74,1658.78
474,1,2,30,142,W6 25986,0.9077,498.23,2334.2,404.09,1203.18
475,1,2,30,207,CA13900023C,0.9087,747.17,1856.65,311.26,1391.78
476,1,2,30,245,CA17900042C,0.9099,651.25,2024.85,563.53,1684.06
477,1,2,30,8,PI 359366,0.9033,707.17,1762.05,699.2,1384.52
478,1,2,30,133,W6 25977,0.9048,739.9,1727.64,604.73,1811.81
479,1,2,30,210,CA13900119C ,0.9037,725.83,1902.07,785.19,1934.05
480,1,2,30,241,CA17900021C,0.9039,704.89,2243.06,807.96,1467
481,1,2,31,180,W6 26030,0.903,703.87,2087.75,745.86,1400.15
482,1,2,31,134,W6 25978,0.9032,828.91,2038.07,732.7,1283.89
483,1,2,31,56,W6 25891,0.9048,688.89,2386.09,809.45,1572.61
484,1,2,31,63,W6 25898,0.9087,762.91,2147.48,761.04,1692.89
485,1,2,31,143,W6 25987,0.9032,738.7,2442.26,787.61,1458.69
486,1,2,31,252,CA13900104G,0.9033,695.45,2410.89,831.09,1238.24
487,1,2,31,219,CA15940057C ,0.9034,669.72,3615.28,796.77,1377.3
488,1,2,31,65,W6 25900,0.9038,644.49,2237.01,853.02,1488.62
489,1,2,31,136,W6 25980,0.903,648.96,2701.23,758.37,1911.58
490,1,2,31,94,W6 25933,0.9031,685.8,2645.84,830.06,1476.22
491,1,2,31,137,W6 25981,0.9033,658.98,1670.39,723.02,2075.94
492,1,2,31,150,W6 25994,0.9057,635.43,1988.22,764.68,1657.25
493,1,2,31,163,W6 26009,0.9053,610.87,1947.28,805.04,1199.06
494,1,2,31,201,Sierra,0.9046,588.86,2014.03,761.41,1390.05
495,1,2,31,149,W6 25993,0.9003,660.77,1597.51,723.88,1695.41
496,1,2,31,114,W6 25955,0.903,706.72,1318.64,702.88,1385.03
497,1,2,32,100,W6 25940,0.9058,746.03,1829.15,759.12,1802.77
498,1,2,32,255,Royal,0.9013,663.9,2278.74,738.15,1937.66
499,1,2,32,233,CA17900005C,0.9089,584.89,4094.96,911.77,1456.08
500,1,2,32,82,W6 25919,0.9031,658.93,2537.65,866.45,1395.66
501,1,2,32,72,W6 25907,0.9017,707.7,4701.45,818.63,1279.25
502,1,2,32,130,W6 25974,0.9018,736.04,2308.01,745.01,1699.73
503,1,2,32,116,W6 25958,0.9075,754.69,2000.34,764.6,1438.34
504,1,2,32,92,W6 25931,0.9026,523.9,1708.12,753.9,1227.77
505,1,2,32,64,W6 25899,0.9012,482.18,2780.79,757.69,1373.29
506,1,2,32,234,CA17900011C,0.9013,724.76,2730.85,882.18,1486.95
507,1,2,32,69,W6 25904,0.9015,633.91,3714.54,434.9,1907.73
508,1,2,32,67,W6 25902,0.9013,685.49,2409.12,801.79,1473.25
509,1,2,32,96,W6 25936,0.9033,712.87,1972.08,957.28,2070.93
510,1,2,32,84,W6 25921,0.9003,703.52,2312.56,592.34,1656.37
511,1,2,32,19,PI 450831,0.9031,680.9,3384.48,623.08,1195.21
512,1,2,32,158,W6 26004,0.906,674.47,2657.83,808.85,1378.71
513,1,3,33,145,W6 25989,0.9092,792.08,1922.9,767.82,1672.26
514,1,3,33,240,CA17900020C,0.9042,663.8,2275.31,447.54,1377.97
515,1,3,33,144,W6 25988,0.9051,736.13,3354.65,950.25,1791.07
516,1,3,33,124,W6 25966,0.9069,706.93,2387.85,737.31,1911.94
517,1,3,33,80,W6 25917,0.905,667.79,2401.8,763.24,1459.2
518,1,3,33,46,W6 25880,0.903,645.2,2322.55,546.52,1391.6
519,1,3,33,117,W6 25959,0.9012,623.07,2886.69,583.42,1277.57
520,1,3,33,92,W6 25931,0.9013,621.6,2319.19,494.2,1555.87
521,1,3,33,62,W6 25897,0.9034,660.09,3336.81,857.96,1689.55
522,1,3,33,52,W6 25886,0.9069,635.05,1979.9,725.64,1446.49
523,1,3,33,239,CA17900019C,0.9023,613.07,2428.54,478.34,1228.71
524,1,3,33,245,CA17900042C,0.9059,588.8,3494.48,514.8,1363.05
525,1,3,33,20,PI 450953,0.9066,630.46,3797.67,394.11,1882.58
526,1,3,33,183,W6 26033,0.9039,679.01,2274.98,626.94,1460.78
527,1,3,33,1,PI 212893,0.9021,720.64,2131.35,413.14,2065.93
528,1,3,33,114,W6 25955,0.903,635.97,2324.57,402.42,1640.07
529,1,3,34,180,W6 26030,0.9033,569.51,1862.31,312.21,1195.78
530,1,3,34,95,W6 25934,0.9039,632.09,2024.93,563.56,1375.78
531,1,3,34,233,CA17900005C,0.9021,678.94,1758.49,697.79,1672.83
532,1,3,34,179,W6 26029,0.9021,692.88,1713.04,599.62,1366.6
533,1,3,34,51,W6 25885,0.9023,709.09,1905.43,786.58,1795.49
534,1,3,34,122,W6 25964,0.9024,734.61,2244.11,808.34,1917.58
535,1,3,34,129,W6 25973,0.903,506.88,2082.92,744.13,1457.85
536,1,3,34,120,W6 25962,0.9048,463,2026.07,728.39,1383
537,1,3,34,224,CA15940154C ,0.9012,698.22,2388.88,810.39,1271.69
538,1,3,34,142,W6 25986,0.9031,608.09,2150.58,762.14,1555.03
539,1,3,34,184,W6 26034,0.903,657.7,2431.02,783.99,1680.78
540,1,3,34,211,CA13900129C,0.9033,687.05,2400.04,827.35,1443.11
541,1,3,34,15,PI 360273,0.9032,675.53,3597.21,792.79,1222.21
542,1,3,34,102,W6 25942,0.9021,653.11,2215.24,844.72,1352.06
543,1,3,34,128,W6 25972,0.903,654.84,2694.72,756.54,1474.34
544,1,3,34,231,CA16940221C,0.9048,767.48,2633.16,826.08,1885.72
545,1,3,35,9,PI 359375,0.903,640.96,1669.69,722.71,1460.6
546,1,3,35,11,PI 359852,0.9033,712.36,1982.6,762.52,2056.23
547,1,3,35,93,W6 25932,0.9069,679.42,1926.41,796.41,1623.63
548,1,3,35,247,Dwelley,0.903,643.08,2004.76,757.9,1185.18
549,1,3,35,97,W6 25937,0.9087,615.12,1572.55,712.57,1363.36
550,1,3,35,208,CA13900046C ,0.9069,594.66,1306.98,696.66,1662.01
551,1,3,35,24,PI 451431,0.9032,602.13,1828,758.65,1370.51
552,1,3,35,243,CA17900034C,0.9021,634.78,2260.82,732.34,1781.54
553,1,3,35,136,W6 25980,0.9021,614.17,4124.24,918.29,1916.02
554,1,3,35,234,CA17900011C,0.903,590.97,2532.55,864.7,1453.61
555,1,3,35,4,PI 249981,0.9033,569,4685.45,760.61,1381.45
556,1,3,35,31,W6 25865,0.9035,546.03,1918.54,813,1260.3
557,1,3,35,8,PI 359366,0.9046,610.95,2294.89,740.78,1550.21
558,1,3,35,83,W6 25920,0.9053,655.13,2013.46,769.61,1675.9
559,1,3,35,115,W6 25957,0.9031,693.63,1708.58,754.11,1437.76
560,1,3,35,251,CA13900103G,0.903,610.74,2747.97,748.75,1210.32
561,1,3,36,49,W6 25883,0.9051,545.98,2707.22,874.54,1352.01
562,1,3,36,27,PI 451598,0.9058,609.62,3680.57,430.92,1461.43
563,1,3,36,148,W6 25992,0.903,655.71,2395.41,797.23,1880.22
564,1,3,36,43,W6 25877,0.9021,672.71,1970.46,956.49,1456.5
565,1,3,36,89,W6 25926,0.9013,683.47,2303.77,590.08,2053.1
566,1,3,36,17,PI 360583,0.9053,704.41,3361.22,618.8,1624.7
567,1,3,36,2,PI 215702,0.9045,375.31,2048.96,623.56,910.41
568,1,3,36,34,W6 25868,0.903,445.69,1925.67,768.92,1368.05
569,1,3,36,140,W6 25984,0.9061,666.39,2256.3,443.8,1654.36
570,1,3,36,217,CA15940045C ,0.9003,588.81,3371.32,600.79,1369.25
571,1,3,36,69,W6 25904,0.9057,633.12,2390.87,738.24,1774.07
572,1,3,36,150,W6 25994,0.9063,656.51,2379.36,756.11,1888.69
573,1,3,36,53,W6 25887,0.9091,643.15,2283.78,537.39,1428.06
574,1,3,36,133,W6 25977,0.9021,631.83,2860.54,578.13,1371.8
575,1,3,36,48,W6 25882,0.904,628.48,2318.18,493.99,1256.14
576,1,3,36,91,W6 25930,0.9023,739.15,3322.78,854.36,1543.22
577,1,3,37,226,CA16940136C,0.9023,615.46,1971.93,722.72,1667.68
578,1,3,37,126,W6 25970,0.902,688.06,2424.38,477.52,1436.01
579,1,3,37,213,CA13900147C ,0.9039,660.62,3487.41,513.75,1213.17
580,1,3,37,29,PI 675524,0.9047,620.15,2929.26,259.74,1347.94
581,1,3,37,143,W6 25987,0.9026,594.95,3789.61,393.28,1452.39
582,1,3,37,44,W6 25878,0.9031,572.82,2260.7,623.01,1863.21
583,1,3,37,45,W6 25879,0.9092,571.72,2093.71,405.84,1428.49
584,1,3,37,22,PI 451187,0.9009,615.21,2333.34,403.94,2048.36
585,1,3,37,178,W6 26028,0.9021,586,1837.95,308.13,1615.31
586,1,3,37,71,W6 25906,0.9019,567.01,2021.24,562.53,1176.3
587,1,3,37,12,PI 359864,0.9025,543.87,1746.06,692.86,1356.9
588,1,3,37,30,W6 25864,0.9076,521.92,1700.08,595.08,1642.02
589,1,3,37,159,W6 26005,0.9051,584.09,1880.13,776.14,1347.7
590,1,3,37,66,W6 25901,0.9055,627.57,2222.93,800.71,1760.29
591,1,3,37,19,PI 450831,0.9038,667.17,2071.28,739.97,1894.08
592,1,3,37,88,W6 25925,0.9017,588.9,2010.55,722.81,1432.27
593,1,3,38,55,W6 25890,0.9057,525.26,2364.9,802.26,1364.15
594,1,3,38,255,Royal,0.9015,588.34,2143.9,759.77,1252.1
595,1,3,38,18,PI 450727,0.9013,629.2,2417.45,779.61,1533.08
596,1,3,38,161,W6 26007,0.9012,645.56,2387.81,823.13,1662
597,1,3,38,191,W6 26041,0.9041,655.63,3579.96,788.99,1424
598,1,3,38,154,W6 25999,0.9017,681.25,2218.25,845.87,1207.47
599,1,3,38,110,W6 25950,0.9013,469.04,2674.04,750.74,1341.87
600,1,3,38,70,W6 25905,0.9025,430.44,2628.37,824.58,1455.24
601,1,3,38,160,W6 26006,0.9085,641.55,1650.82,714.55,1853.56
602,1,3,38,111,W6 25951,0.9026,563.76,1971.32,758.18,1439.11
603,1,3,38,171,W6 26018,0.9024,607.45,1925.58,796.07,2019.34
604,1,3,38,221,CA15940130C ,0.9028,638.55,2005.92,758.34,1623.16
605,1,3,38,220,CA15940127C ,0.9016,628.91,1586.01,718.67,1177.8
606,1,3,38,201,Sierra,0.9022,610.88,1312.02,699.35,1362.95
607,1,3,38,194,W6 26044,0.905,605.53,1817.42,754.26,1649.67
608,1,3,38,253,Myles,0.9012,714.65,2263.47,733.2,1356.82
609,1,3,39,57,W6 25892,0.9044,593.7,4097.12,912.25,1763.93
610,1,3,39,99,W6 25939,0.9051,659.97,2515.64,858.93,1886.51
611,1,3,39,212,CA13900139C ,0.9019,637.77,4671.34,772.51,1437.37
612,1,3,39,112,W6 25953,0.9022,599.17,1918.88,813.14,1365.87
613,1,3,39,109,W6 25949,0.9066,574.09,2280.26,736.06,1244.13
614,1,3,39,252,CA13900104G,0.9076,552.3,1999.43,764.25,1526.5
615,1,3,39,199,W6 26049,0.9051,557.51,1700.4,750.5,1656.35
616,1,3,39,151,W6 25995,0.903,590.86,2758.58,751.64,1422.41
617,1,3,39,64,W6 25899,0.9044,567.92,2700.95,872.52,1203
618,1,3,39,103,W6 25943,0.9051,546.69,3672.79,430.01,1337.58
619,1,3,39,26,PI 451453,0.9012,528.93,2395.12,797.13,1453.47
620,1,3,39,21,PI 451043,0.9019,508.6,1962.77,739.95,1862.18
621,1,3,39,177,W6 26027,0.9021,568.16,2294.09,587.6,1439.08
622,1,3,39,75,W6 25912,0.9076,605.68,3351.15,616.94,2015.49
623,1,3,39,153,W6 25998,0.9073,640.77,2642.93,804.32,1607.36
624,1,3,39,182,W6 26032,0.9085,566.33,1909.05,762.28,1161.71
625,1,3,40,6,PI 359111,0.9012,508.09,2263.88,445.3,1356
626,1,3,40,59,W6 25894,0.9099,561.37,3311.74,938.09,1628.44
627,1,3,40,118,W6 25960,0.9057,602.97,2366.88,730.83,1336
628,1,3,40,147,W6 25991,0.9087,618.42,2373.18,754.14,1745.73
629,1,3,40,42,W6 25876,0.9067,627.24,2283.9,537.42,1865.91
630,1,3,40,204,CA0790B0043C ,0.9077,649.88,2824.56,570.86,1413.64
631,1,3,40,39,W6 25873,0.9059,450.74,2303.4,490.84,1352.44
632,1,3,40,65,W6 25900,0.903,412.74,3302.24,849.08,1238.76
633,1,3,40,248,Sawyer,0.9087,615.17,1946.95,713.56,1510.29
634,1,3,40,197,W6 26047,0.903,543.76,2407.22,474.14,1650.53
635,1,3,40,207,CA13900023C,0.9048,587.07,3464.81,510.42,1411.08
636,1,3,40,141,W6 25985,0.9077,609.44,2900.75,257.22,1190.46
637,1,3,40,96,W6 25936,0.8995,605.88,3806.92,395.07,1338.2
638,1,3,40,86,W6 25923,0.9057,699,2253.45,621.01,1435.87
639,1,3,40,196,W6 26046,0.903,730.83,2109.69,408.94,1847.52
640,1,3,40,218,CA15940049C ,0.9048,715.52,2299.81,398.14,1421.09
641,1,3,41,174,W6 26024,0.9059,695.91,1832.39,307.2,2003.79
642,1,3,41,228,CA16940193C,0.9023,696.22,2017.57,561.51,1607.13
643,1,3,41,181,W6 26031,0.903,816.23,1744.78,692.35,1161.42
644,1,3,41,82,W6 25919,0.9048,677.01,1696.8,593.94,1338.8
645,1,3,41,242,CA17900028C,0.9089,751.99,1870.21,772.04,1623.03
646,1,3,41,214,CA13900151C ,0.9012,729.58,2224.19,801.16,1339.82
647,1,3,41,229,CA16940195C,0.9012,685.7,2061.96,736.64,1747.38
648,1,3,41,162,W6 26008,0.9013,662.44,2016.09,724.8,1876.47
649,1,3,41,188,W6 26038,0.9015,635.84,2358.94,800.24,1420.06
650,1,3,41,215,CA13900162C ,0.9019,637.39,2125.15,753.13,1344.88
651,1,3,41,106,W6 25946,0.9015,674.84,2406.34,776.03,1232.58
652,1,3,41,108,W6 25948,0.9016,648.72,2366.94,815.94,1511.13
653,1,3,41,163,W6 26009,0.9017,627.2,3563.49,785.36,1640.81
654,1,3,41,68,W6 25903,0.9016,603.39,2204.32,840.56,1404.73
655,1,3,41,185,W6 26035,0.9018,582.34,2665.46,748.33,1192.91
656,1,3,41,127,W6 25971,0.9017,651.77,2617.58,821.19,1329.26
657,1,3,42,195,W6 26045,0.9012,652.09,2618.88,821.6,1329.92
658,1,3,42,134,W6 25978,0.902,651.57,2616.8,820.95,1328.86
659,1,3,42,232,CA16940239C,0.9031,738.21,1965.39,755.9,1841.59
660,1,3,42,155,W6 26001,0.8991,585.02,2001.28,756.59,2014.95
661,1,3,42,3,PI 239859,0.9078,647.19,1564.95,709.13,1590.71
662,1,3,42,202,Nash,0.9027,698.41,1303.38,694.74,1159.77
663,1,3,42,116,W6 25958,0.9034,713.8,1808.69,750.63,1341.15
664,1,3,42,40,W6 25874,0.9052,722.12,2234.95,723.96,1621.99
665,1,3,42,35,W6 25869,0.905,752.97,4075.03,907.33,1334.59
666,1,3,42,132,W6 25976,0.905,515.12,2486.19,848.88,1727.8
667,1,3,42,7,PI 359317,0.9054,472.35,4609.29,940.2,1853.02
668,1,3,42,81,W6 25918,0.9064,710.55,1897.55,804.1,1409.61
669,1,3,42,50,W6 25884,0.9119,1055.83,2248.04,725.66,1329.06
670,1,3,42,175,W6 26025,0.9072,809.03,1991.42,761.18,1228.03
671,1,3,42,193,W6 26043,0.9078,1060.64,2258.28,728.96,1335.11
672,1,3,42,225,CA16940099C,0.9087,807.67,1988.07,759.9,1225.96
673,1,3,43,152,W6 25996,0.9063,941.12,2721.94,741.66,1624.68
674,1,3,43,77,W6 25914,0.9015,915.27,2696.57,871.1,1406.09
675,1,3,43,123,W6 25965,0.9076,842.14,3641.02,426.29,1182.6
676,1,3,43,10,PI 359838,0.9072,836.11,2364.97,787.1,1316.33
677,1,3,43,119,W6 25961,0.9085,679.62,1934.22,729.18,1418.76
678,1,3,43,105,W6 25945,0.9051,682.19,1941.52,731.94,1424.11
679,1,3,43,14,PI 360223,0.9054,551.49,3341.68,615.2,1414.66
680,1,3,43,249,CDC orion,0.9078,825.73,2627.37,799.59,1988.2
681,1,3,43,169,W6 26016,0.9088,722.96,1904.83,760.6,1586.58
682,1,3,43,205,CA0790B0547C ,0.9098,780.78,2236.55,439.92,1147.48
683,1,3,43,78,W6 25915,0.9108,813.27,3305.1,936.21,1327.62
684,1,3,43,209,CA13900049C ,0.9119,798.22,2353.75,726.78,1608.51
685,1,3,43,167,W6 26014,0.9054,782.98,2376.63,755.24,1329.92
686,1,3,43,84,W6 25921,0.9068,775.81,2282.25,537.03,1727.92
687,1,3,43,149,W6 25993,0.9057,914.98,2837.43,573.46,1855.38
688,1,3,43,131,W6 25975,0.9059,817.04,1956.79,717.17,1226.03
689,1,3,44,73,W6 25909,0.905,785.94,2391.63,471.07,1504.13
690,1,3,44,157,W6 26003,0.9066,755.43,3444.09,507.37,1623.66
691,1,3,44,203,Billy Beans,0.9069,728.14,2898.65,257.03,1392.69
692,1,3,44,138,W6 25982,0.9108,695.16,3731.86,387.28,1169.95
693,1,3,44,60,W6 25895,0.9053,675.65,2247.33,619.32,1313.4
694,1,3,44,235,CA17900013C,0.9054,651.37,2100.43,407.14,1422.1
695,1,3,44,156,W6 26002,0.9055,722.38,2283.79,395.36,1811.32
696,1,3,44,222,CA15940141C ,0.9058,777,1823.61,305.72,1403.67
697,1,3,44,176,W6 26026,0.905,824.96,2003.7,557.65,1985.94
698,1,3,44,94,W6 25933,0.9052,728.04,1730.38,686.64,1576.57
699,1,3,44,58,W6 25893,0.9013,650.26,1696.42,593.8,1146.5
700,1,3,44,79,W6 25916,0.9078,725.12,1869.4,771.71,1325.3
701,1,3,44,36,W6 25870,0.9074,778.01,2207.16,795.03,1609.68
702,1,3,44,101,W6 25941,0.9066,792.16,2035.21,727.09,1312
703,1,3,44,47,W6 25881,0.9023,813.44,2005.22,720.89,1729.58
704,1,3,44,158,W6 26004,0.9051,841.88,2346.23,795.93,1845.36
705,1,3,45,5,PI 250144,0.9079,578.48,2115.39,749.67,1397.1
706,1,3,45,237,CA17900016C,0.9034,532.24,2405.3,775.69,1335.02
707,1,3,45,61,W6 25896,0.911,792.19,2349.56,809.95,1211.59
708,1,3,45,63,W6 25898,0.9052,697.44,3546.06,781.52,1497.66
709,1,3,45,216,CA15940019C ,0.9038,755.69,2198.33,838.27,1621.67
710,1,3,45,189,W6 26039,0.9033,788.54,2654.52,745.26,1390.83
711,1,3,45,107,W6 25947,0.9095,770.73,2585.45,811.11,1170.95
712,1,3,45,244,CA17900037C,0.9047,752.43,1642.82,715.58,1308
713,1,3,45,200,W6 26050,0.9033,750.23,1957.91,753.03,1418.37
715,1,3,45,135,W6 25979,0.9036,734.03,1981.97,749.29,1404.6
716,1,3,45,67,W6 25902,0.9034,818.58,1568.79,710.87,1984.11
717,1,3,45,165,W6 26011,0.9022,788.52,1299.2,692.52,1582.34
718,1,3,45,76,W6 25913,0.9023,740.73,1804.86,749.05,1146.35
719,1,3,45,210,CA13900119C ,0.9052,709.15,2226.23,721.14,1319.85
720,1,3,45,85,W6 25922,0.9081,682.79,4041.42,899.85,1602.45
721,1,3,46,100,W6 25940,0.9113,696.9,2473.85,844.66,1307.82
722,1,3,46,37,W6 25871,0.9063,888.38,4599.99,938.3,1713.77
723,1,3,46,186,W6 26036,0.9072,687.38,1889.58,800.73,1833.97
724,1,3,46,125,W6 25967,0.909,727.21,2257.58,728.74,1392.92
725,1,3,46,246,CA17900046C,0.9071,701.41,1984.63,758.59,1326.12
726,1,3,46,250,CA13900101G,0.905,807.82,1685.3,743.83,1216.23
727,1,3,46,219,CA15940057C ,0.9033,687.99,2720.76,741.34,1489.58
728,1,3,46,23,PI 451305,0.9034,726.82,2666.05,861.24,1609.24
729,1,3,46,139,W6 25983,0.9055,703.08,3643.08,426.53,1385.27
730,1,3,46,256,Spanish White,0.909,670.37,2341.26,779.21,1162.2
731,1,3,46,173,W6 26023,0.9044,651.36,1938.76,730.89,1304.33
732,1,3,46,16,PI 360279,0.908,623.41,2252.33,723.5,1402.06
733,1,3,46,223,CA15940142W ,0.9087,698.16,3318.77,610.98,1803.32
734,1,3,46,121,W6 25963,0.9059,751.32,2624.93,798.84,1398.16
735,1,3,46,238,CA17900017C,0.9042,796.26,1905.3,760.79,1974.59
736,1,3,46,206,CA0890B0429C ,0.905,705.23,2240.22,440.64,1573.19
737,1,3,47,192,W6 26042,0.9054,627.45,3312.14,938.21,1139.61
738,1,3,47,230,CA16940200C,0.9059,701.07,2364.4,730.07,1319.95
739,1,3,47,56,W6 25891,0.9042,751.91,2365.44,751.68,1602.54
740,1,3,47,227,CA16940182C,0.9041,767.49,2273.54,534.98,1309.42
741,1,3,47,168,W6 26015,0.9044,780.23,2820.14,569.97,1708.93
742,1,3,47,130,W6 25974,0.9045,811.7,2289.31,796.19,1832.8
743,1,3,47,98,W6 25938,0.905,556.46,3263.49,436.31,1384.41
744,1,3,47,38,W6 25872,0.9068,508.69,1935.99,709.55,1314.38
745,1,3,47,33,W6 25867,0.9032,765.82,2375.18,467.83,1206.54
746,1,3,47,166,W6 26012,0.9052,667.71,3415.65,503.18,1477
747,1,3,47,74,W6 25911,0.905,728.68,2896.25,256.82,1610.81
748,1,3,47,198,W6 26048,0.9054,858.01,3755.87,389.77,1378.49
749,1,3,47,236,CA17900014C,0.9053,689.91,2241.69,617.77,1168.41
750,1,3,47,254,CDC Frontier,0.9042,730.02,2093.89,405.88,1300.27
751,1,3,47,13,PI 360188,0.905,698.4,2278.49,394.45,1397.13
752,1,3,47,241,CA17900021C,0.9068,675.45,1822.3,305.5,1800.38
753,1,3,48,41,W6 25875,0.905,649.48,1991.51,554.26,1389.36
754,1,3,48,172,W6 26022,0.9054,626.14,1729.12,686.14,1960.23
755,1,3,48,90,W6 25929,0.9061,697.66,1684.92,589.78,1558.64
756,1,3,48,28,PI 675523,0.905,749.07,1861.89,768.61,1130.64
757,1,3,48,72,W6 25907,0.9108,622.43,1718.88,682.08,1948.62
758,1,3,48,170,W6 26017,0.909,695.45,1679.59,587.91,1553.71
759,1,3,48,164,W6 26010,0.9053,748.85,1861.34,768.38,1130.31
760,1,3,48,146,W6 25990,0.9042,700.79,2339.4,793.61,1705.15
761,1,3,48,187,W6 26037,0.9041,751.98,2115.93,749.86,1825.83
762,1,3,48,104,W6 25944,0.905,780.93,2355.5,811.99,1316.16
763,1,3,48,137,W6 25981,0.9054,810.65,3531.16,778.23,1204.59
764,1,3,48,190,W6 26040,0.9056,755.33,2186.71,833.84,1479.6
765,1,3,48,113,W6 25954,0.9066,687.93,2634.72,739.7,1597.98
766,1,3,48,87,W6 25924,0.9074,727.05,2580.97,809.71,1368.47
767,1,3,48,54,W6 25888,0.9052,701.54,1636.25,712.72,1161.88
768,1,3,48,25,PI 451433,0.9051,675.24,1944.06,747.7,1291.72
1,2,1,1,245,CA17900042C,1.0028,703.8,3217.4,656.1,820.6
2,2,1,1,79,W6 25916,NA,NA,NA,NA,NA
3,2,1,1,67,W6 25902,1.0089,645.3,2598.6,700.7,1749
4,2,1,1,30,W6 25864,NA,NA,NA,NA,NA
5,2,1,1,211,CA13900129C,NA,NA,NA,NA,NA
6,2,1,1,21,PI 451043,1.0025,656.4,2154,712,948.6
7,2,1,1,221,CA15940130C ,1.0036,658.1,3162.8,859.3,1017.6
8,2,1,1,150,W6 25994,1.0096,598.8,2478.8,778,1565.5
9,2,1,1,209,CA13900049C ,1.0085,706.7,1797.5,740.2,1343
10,2,1,1,81,W6 25918,1.0039,699.1,2124.6,720.2,684.1
11,2,1,1,16,PI 360279,1.0086,707.8,3128.1,362.4,1265.7
12,2,1,1,108,W6 25948,1.0042,639.5,2242.6,714.1,1375
13,2,1,1,190,W6 26040,1.0002,508.4,2253,738.4,1771.3
14,2,1,1,141,W6 25985,0.9996,650.5,2172.8,754.6,957.2
15,2,1,1,31,W6 25865,1.0006,640.7,2690.4,246.6,1347.7
16,2,1,1,198,W6 26048,1.001,764.3,2179,689.1,919.7
17,2,1,2,139,W6 25983,1.0005,664.1,3123.9,717.2,1114.5
18,2,1,2,35,W6 25869,1.0035,625.6,1849.8,588.4,1286.9
19,2,1,2,64,W6 25899,1.0048,668,2260.5,767.3,933.9
20,2,1,2,62,W6 25897,1.0064,604,3256.2,826.7,764
21,2,1,2,187,W6 26037,1.0025,702.8,2748.7,845.8,496.7
22,2,1,2,169,W6 26016,1.0027,605.7,3568.8,767,890.8
23,2,1,2,188,W6 26038,1.0096,627.6,2114.8,752.1,1078
24,2,1,2,136,W6 25980,1.0076,631.3,1978.3,691.5,734.7
25,2,1,2,248,Sawyer,1.0025,580.7,2178,780.8,588.7
26,2,1,2,200,W6 26050,1.0024,684.7,1734.6,747.5,582.6
27,2,1,2,140,W6 25984,1.0035,673.5,1896.5,779,1096.2
28,2,1,2,33,W6 25867,1.0069,682.8,1639.2,745.7,1205.3
29,2,1,2,176,W6 26026,1.0085,613.3,1599.1,722.3,905.9
30,2,1,2,224,CA15940154C ,1.0074,486.1,1767.4,752.4,1262.1
31,2,1,2,160,W6 26006,1.0065,622.1,2088.2,775.7,1366.3
32,2,1,2,178,W6 26028,1.0008,616.9,1946.7,717.2,1763.1
33,2,1,3,151,W6 25995,1.0023,735.1,1894.5,702.4,1360.6
34,2,1,3,38,W6 25872,1.0035,637.6,2221.3,777.2,1915.3
35,2,1,3,92,W6 25931,1.0042,602.1,2007.1,733.6,1525.9
36,2,1,3,244,CA17900037C,1.0021,645.1,2275,756.6,1108.2
37,2,1,3,70,W6 25905,1.0019,584.3,2242.2,797.1,1283.7
38,2,1,3,23,PI 451305,1.0015,677.4,3363.6,764.5,1559.5
39,2,1,3,146,W6 25990,1.0071,580.7,2071.2,814.5,1270.7
40,2,1,3,65,W6 25900,1.0035,608.1,2508,726.2,1663.1
41,2,1,3,34,W6 25868,1.001,611.9,2464.6,797.4,1784.7
42,2,1,3,22,PI 451187,1.0054,557.6,1552.6,693.1,1349.1
43,2,1,3,249,CDC orion,1.0023,659.5,1851.3,734.3,1286.4
44,2,1,3,222,CA15940141C ,1.0045,648,1812.3,772.7,1175.1
45,2,1,3,162,W6 26008,1.0044,659.2,1872.7,730.2,1443.4
46,2,1,3,243,CA17900034C,1.0023,594.2,1482,692.6,1564.3
47,2,1,3,120,W6 25962,1.0024,470.5,1226.9,674.4,1340.4
48,2,1,3,40,W6 25874,1.003,601.2,1704,729.3,1135.1
49,2,1,4,142,W6 25986,1.0074,590.1,2105,703.2,1257.1
50,2,1,4,256,Spanish White,1.0081,703.8,3819.4,877,1358.7
51,2,1,4,234,CA17900011C,1.0023,614.7,2360.8,831.3,1753.4
52,2,1,4,197,W6 26047,1.0041,579.8,4360.7,917.3,1352.7
53,2,1,4,71,W6 25906,1.0068,618.3,1787,781,1901.4
54,2,1,4,111,W6 25951,1.0045,561.2,2139.2,712.2,1519.4
56,2,1,4,94,W6 25933,1.0058,560,1589.5,723.5,1273.6
57,2,1,4,215,CA13900162C ,1.0054,584.5,2574.4,723.4,1547.3
58,2,1,4,217,CA15940045C ,1.0025,588.4,2532.7,843.8,1271.5
59,2,1,4,104,W6 25944,1.0065,536.4,3431.6,414.4,1651.5
60,2,1,4,103,W6 25943,1.0012,635.8,2239.2,768.6,1777.2
61,2,1,4,52,W6 25886,NA,NA,NA,NA,NA
62,2,1,4,166,W6 26012,1.001,636.9,2148.6,567.6,1282.9
63,2,1,4,132,W6 25976,1.0051,570.6,3145.5,597.2,1169.7
64,2,1,4,205,CA0790B0547C ,1.0023,453.1,2486.9,780.5,1440.6
65,2,1,5,138,W6 25982,1.0071,576.6,1792.8,738.3,1550.6
66,2,1,5,247,Dwelley,1.0056,569.3,2112.5,428.5,1330.8
67,2,1,5,82,W6 25919,1.0042,680.4,3129.2,249.5,1129.2
68,2,1,5,28,PI 675523,1.0011,592.7,2240.5,713.5,1259.9
69,2,1,5,125,W6 25967,1.0032,558.9,2237.3,733.2,1359.9
70,2,1,5,227,CA16940182C,1.0045,596.8,2153.6,522.6,1742.6
71,2,1,5,10,PI 359838,1.0061,539.6,2665,555.5,1344.7
72,2,1,5,63,W6 25898,1.0022,627.8,2167.7,476.4,1902.4
73,2,1,5,29,PI 675524,1.0023,541.1,3105.8,823.6,1516.6
74,2,1,5,161,W6 26007,1.0056,562.7,1838.6,694.9,1095.6
75,2,1,5,155,W6 26001,1.0045,565.5,2252.1,457.5,1270.2
76,2,1,5,147,W6 25991,1.0047,517.5,3248.6,493.6,1542.1
77,2,1,5,43,W6 25877,1.0039,610.6,2733.9,250,1264.6
78,2,1,5,124,W6 25966,1.0022,602.3,3556.3,380.6,1651.9
79,2,1,5,112,W6 25953,1.0056,610.6,2114.7,601,1762.3
80,2,1,5,179,W6 26029,1.0014,551.6,1982.6,396.3,1343.7
81,2,1,6,242,CA17900028C,1.0033,435.9,2167.5,387,1274.8
82,2,1,6,42,W6 25876,1.0017,558.2,1728.9,298.9,1169
83,2,1,6,72,W6 25907,1.0025,550,1890.8,542.7,1434.5
84,2,1,6,191,W6 26041,0.9999,658.1,1644.1,672.8,1555.5
85,2,1,6,109,W6 25949,1.009,566.3,1591.9,574.7,1321
86,2,1,6,60,W6 25895,1.0042,537.7,1765.9,751.8,1124.7
87,2,1,6,246,CA17900046C,0.9995,577.6,2094.4,778,1256.9
88,2,1,6,143,W6 25987,0.9996,523,1941.2,715.2,1359.3
89,2,1,6,3,PI 239859,1.0012,605.2,1889,700.4,1741.3
90,2,1,6,51,W6 25885,0.9921,526.5,2237.9,782.9,1358.2
91,2,1,6,168,W6 26015,1.0052,542.1,1997.1,729.9,1889.2
92,2,1,6,89,W6 25926,1.0038,545,2262,752.3,1508.3
93,2,1,6,119,W6 25961,1.0013,500,2234.6,794.4,1095.9
94,2,1,6,216,CA15940019C ,1.0062,586.6,3334.5,757.9,1263
95,2,1,6,80,W6 25917,1.0008,580.8,2075.9,816.4,1542
96,2,1,6,97,W6 25937,1.0073,587,2488.5,720.5,1255.3
97,2,1,7,210,CA13900119C ,1.0059,528.8,2442.8,790.4,1639.3
98,2,1,7,185,W6 26035,1.0069,418.3,1544.1,689.3,1753
99,2,1,7,19,PI 450831,1.0098,533.3,1830.2,725.9,1327.2
100,2,1,7,193,W6 26043,1.0045,665.7,1805,769.6,1224.5
101,2,1,7,115,W6 25957,1.0006,633.3,1872.3,730,1352.5
102,2,1,7,1,PI 212893,1.0044,547.8,1473,688.4,1728.8
103,2,1,7,128,W6 25972,1.0099,514.9,1212.9,666.7,1328.9
104,2,1,7,149,W6 25993,1.0025,554.5,1698.1,726.8,1886.7
105,2,1,7,238,CA17900017C,1.0001,503.4,2111.9,705.5,1507.8
106,2,1,7,13,PI 360188,1.0009,583,3831.5,879.8,1091.9
107,2,1,7,153,W6 25998,1.0078,499.1,2338.5,823.5,1255.9
108,2,1,7,54,W6 25888,1.0012,698.2,4355.9,360.8,1570.2
109,2,1,7,194,W6 26044,1.0067,523.3,1780,777.9,1117.4
110,2,1,7,48,W6 25882,1.0006,481.8,2139,712.1,1250.5
111,2,1,7,196,W6 26046,1.0005,723.5,1877.6,740.2,1352.6
112,2,1,7,47,W6 25881,0.99998,633.2,1592.4,724.8,1256.8
113,2,1,8,152,W6 25996,1.0003,685.1,2577.2,724.2,1284.7
114,2,1,8,226,CA16940136C,1.0019,713.2,2524.1,840.9,1503.4
115,2,1,8,100,W6 25940,1.0044,699.8,3425.1,413.6,2027.4
116,2,1,8,57,W6 25892,1.0085,677.5,2214.1,760,1346.1
117,2,1,8,174,W6 26024,1.0058,675.6,1822,692,1351.5
118,2,1,8,49,W6 25883,1.0089,544.7,2123.3,560.9,1207.6
119,2,1,8,73,W6 25909,1.0033,737.7,3138.5,595.9,1296.4
120,2,1,8,180,W6 26030,1.0014,730.1,2479.2,778.1,1463.1
121,2,1,8,9,PI 359375,1.0009,792.5,1796.7,739.9,1449.9
122,2,1,8,145,W6 25989,0.9995,649,2116.9,429.4,1312.3
123,2,1,8,6,PI 359111,1.0074,515.1,3106.8,907.6,1357.9
124,2,1,8,195,W6 26045,1.0056,653.1,2221.6,707.4,1329.8
125,2,1,8,192,W6 26042,1.0065,643.4,2221,727.9,1644.6
126,2,1,8,55,W6 25890,1.0085,852.4,2136.5,518.5,1597.7
127,2,1,8,41,W6 25875,1.0089,672,2646.9,551.7,1360.3
128,2,1,8,5,PI 250144,1.0056,650.3,2151.7,472.9,1206.9
129,2,1,9,202,Nash,1.0045,696.1,3086.6,818.5,1433.5
130,2,1,9,154,W6 25999,NA,NA,NA,NA,NA
131,2,1,9,130,W6 25974,1.0023,614.3,2248,456.6,1324
132,2,1,9,235,CA17900013C,1.0054,688.6,3233.4,491.2,1441.3
133,2,1,9,17,PI 360583,1.0045,630.5,2721.3,248.9,1281.3
134,2,1,9,44,W6 25878,1.0071,606.7,3524.8,377.2,1265.1
135,2,1,9,204,CA0790B0043C ,1.0054,650.8,2106.7,598.7,1418.2
136,2,1,9,252,CA13900104G,1.0056,619.3,1966.4,393.1,1521.9
137,2,1,9,46,W6 25880,1.0021,649.8,2161.4,385.9,1242.5
138,2,1,9,214,CA13900151C ,1.0032,663.7,1719.4,297.3,1403.5
139,2,1,9,189,W6 26039,1.0082,734.8,1872.5,537.5,1389.5
140,2,1,9,122,W6 25964,1.0045,710.2,1630,667.1,2019.1
141,2,1,9,208,CA13900046C ,1.0012,686.2,1597.9,576.8,1350.5
142,2,1,9,250,CA13900101G,1.0024,660,1762,750.2,1350.7
143,2,1,9,105,W6 25945,1.0045,634.2,2075.6,771.1,1208.1
144,2,1,9,170,W6 26017,1.0074,609,1918.5,706.9,1286
145,2,1,10,133,W6 25977,1.0074,586.5,1869.9,693.3,1448.6
146,2,1,10,76,W6 25913,1.0021,567.8,2206.7,772,1442.3
147,2,1,10,84,W6 25921,1.0065,631.5,1986.6,726.1,1301.8
148,2,1,10,121,W6 25963,1.0024,680.2,2256.1,750.4,1388.6
149,2,1,10,101,W6 25941,1.0052,717.4,2217,788.2,1506.4
150,2,1,10,86,W6 25923,1.0096,788.8,3310,752.3,1586.9
151,2,1,10,254,CDC Frontier,1.0045,763.5,2060,810.1,1446.9
152,2,1,10,201,Sierra,1.0074,705.7,2478.3,717.6,1620.7
153,2,1,10,102,W6 25942,1.0063,700.9,2432.1,786.9,1402.9
154,2,1,10,75,W6 25912,1.0098,569.7,1533.5,684.5,1418.5
155,2,1,10,83,W6 25920,1.0047,504.9,1832.1,726.7,1541.9
156,2,1,10,66,W6 25901,1.0055,461.8,1796,765.8,1320.3
157,2,1,10,175,W6 26025,1.0025,695.4,1861.3,725.7,1122.1
158,2,1,10,87,W6 25924,1.0034,607.7,1468.6,686.3,1247
159,2,1,10,68,W6 25903,1.0058,656.1,1212.9,666.8,1345.5
160,2,1,10,183,W6 26033,1.0062,683.8,1685,721.2,1725.7
161,2,1,11,8,PI 359366,1.0074,671.9,2088.2,697.6,1332.2
162,2,1,11,177,W6 26027,1.0001,657.9,3819.2,877,1891.2
163,2,1,11,96,W6 25936,1.0006,654,2345.9,826.1,1507
164,2,1,11,53,W6 25887,1.0036,766.6,4328,910.5,1303.8
165,2,1,11,50,W6 25884,1.0028,639.4,1779.8,777.8,506.7
166,2,1,11,15,PI 360273,1.0017,712.2,2128.1,708.4,955.5
167,2,1,11,159,W6 26005,1.0045,683.9,1862.6,734.3,1573.9
168,2,1,11,163,W6 26009,1.0052,658.1,1577.8,718.2,1079.9
169,2,1,11,113,W6 25954,1.0087,631.6,2545.5,715.3,1897.8
170,2,1,11,167,W6 26014,1.0023,612.1,2512.9,837.2,1522.7
171,2,1,11,220,CA15940127C ,1.0026,589.3,3417.5,412.6,1103.3
172,2,1,11,20,PI 450953,1.0014,568.2,2220.9,762.3,1279.2
173,2,1,11,165,W6 26011,1.001,547.3,1823.4,909.7,1554.1
174,2,1,11,36,W6 25870,1.0032,610.2,2126.8,561.8,1270.6
175,2,1,11,236,CA17900014C,1.0017,655.5,3130.9,594.4,1659.4
176,2,1,11,223,CA15940142W ,1.009,688.3,2450.7,769.2,1763.4
177,2,1,12,241,CA17900021C,1.0002,615.4,1790.7,737.4,1313.8
178,2,1,12,231,CA16940221C,1.0003,547.7,2106.7,427.4,1275.5
179,2,1,12,158,W6 26004,NA,NA,NA,NA,NA
180,2,1,12,127,W6 25971,0.9856,666.2,2257.6,718.9,1781
181,2,1,12,131,W6 25975,1.0047,669,2216.1,726.3,1189.1
182,2,1,12,225,CA16940099C,1.0054,679.1,2134.5,518,1459.4
183,2,1,12,91,W6 25930,1.0052,705.3,2646,551.5,1578.7
184,2,1,12,114,W6 25955,0.9996,488.7,2155.9,473.8,1360.4
185,2,1,12,85,W6 25922,1.0003,447,3087.1,818.6,1152
186,2,1,12,25,PI 451433,1.0023,669.8,1829.9,691.7,1278.8
187,2,1,12,88,W6 25925,1.0021,586,2239.4,454.9,1383.4
188,2,1,12,251,CA13900103G,1.0021,634.2,3231,490.9,1775
189,2,1,12,218,CA15940049C ,1.0025,661,2715.8,248.4,1371.3
190,2,1,12,182,W6 26032,1.0036,649.5,3522.9,377,1930.5
191,2,1,12,206,CA0890B0429C ,1.0098,627.5,2089.1,593.7,1529.7
192,2,1,12,253,Myles,1.0045,627.4,1960.7,392,1114.5
193,2,1,13,18,PI 450727,1.0052,737.1,2146.1,383.2,1289.8
194,2,1,13,123,W6 25965,1.0062,613.6,1707.4,295.2,1564.8
195,2,1,13,233,CA17900005C,1.0035,684.6,1873.8,537.8,1285.6
196,2,1,13,93,W6 25932,1.0034,659.3,1625.3,665.1,1676.6
197,2,1,13,61,W6 25896,1.005,618.6,1585.5,572.3,1791.9
198,2,1,13,90,W6 25929,1.0045,596,1751.3,745.6,1361.2
199,2,1,13,144,W6 25988,1.006,573.1,2064.2,766.8,1292
200,2,1,13,56,W6 25891,1.0022,578.8,1920.7,707.7,1187.3
201,2,1,13,203,Billy Beans,1.0025,612,1871.5,693.9,1457.8
202,2,1,13,118,W6 25960,1.0052,587.8,2191,766.6,1572.3
203,2,1,13,181,W6 26031,1.0063,565.4,1979,723.3,1346
204,2,1,13,186,W6 26036,1.0074,543.9,2236,743.7,1139.3
205,2,1,13,212,CA13900139C ,1.0085,523.2,2200.9,782.4,1265.8
206,2,1,13,232,CA16940239C,1.0098,583.8,3296.1,749.2,1367.3
207,2,1,13,213,CA13900147C ,1.0025,630.8,2055.8,808.5,1767.2
208,2,1,13,148,W6 25992,1.0041,666,2476.5,717,1363.6
209,2,1,14,207,CA13900023C,1.0029,591,2430.5,786.4,1924.1
210,2,1,14,239,CA17900019C,1.0031,526,1537.5,686.3,1533.7
211,2,1,14,69,W6 25904,1.0021,588.2,1829.5,725.7,1112.7
212,2,1,14,78,W6 25915,1.0024,630.8,1794.3,765,1288.3
213,2,1,14,74,W6 25911,1.0042,644.5,1850.7,721.6,1561.6
214,2,1,14,4,PI 249981,1.0085,651.9,1455.3,680.1,1274.1
215,2,1,14,7,PI 359317,1.0024,681.1,1212.2,666.4,1671.6
216,2,1,14,137,W6 25981,1.0025,469.3,1684.5,721,1789.2
217,2,1,14,171,W6 26018,1.0026,429.5,2089.8,698.1,1358.3
218,2,1,14,173,W6 26023,1.003,644.6,3792.9,871,1290.6
219,2,1,14,184,W6 26034,1.0021,564.3,2333,821.5,1182.6
220,2,1,14,135,W6 25979,1.0023,610.6,4316.3,575.1,1452.2
221,2,1,14,12,PI 359864,NA,NA,NA,NA,NA
222,2,1,14,106,W6 25946,1.0052,624.5,2112.2,703.2,1342.1
223,2,1,14,58,W6 25893,1.0047,607.4,1854.8,731.2,1137.8
224,2,1,14,26,PI 451453,1.0039,604.5,1573.5,716.2,1266.5
225,2,1,15,45,W6 25879,0.9992,714.1,2559.4,719.2,1376.3
226,2,1,15,164,W6 26010,1.0022,593.3,2503.1,833.9,1760.7
227,2,1,15,116,W6 25958,1.0053,658.1,3394.6,409.9,1356.6
228,2,1,15,98,W6 25938,1.0003,636.9,2214.4,760.1,1921.4
229,2,1,15,39,W6 25873,1.0087,593.5,1802.3,770.2,1519.1
230,2,1,15,107,W6 25947,1.0023,575.2,2120.2,560.1,1108
231,2,1,15,24,PI 451431,1.0007,554.8,3121.5,592.7,1285.3
232,2,1,15,219,CA15940057C ,NA,NA,NA,NA,NA
233,2,1,15,199,W6 26049,1.0071,586.6,1771.3,729.4,1270.7
234,2,1,15,156,W6 26002,1.0017,568,2095.4,425.1,1666.1
235,2,1,15,117,W6 25959,1.0002,547.8,3104.2,906.8,1786.1
236,2,1,15,110,W6 25950,1.0003,527.5,2215.5,705.5,1356
237,2,1,15,129,W6 25973,1.0005,507.8,2216.5,726.4,1288.7
238,2,1,15,14,PI 360223,1.0003,567.5,2136.8,518.5,1180
239,2,1,15,2,PI 215702,NA,NA,NA,NA,NA
240,2,1,15,229,CA16940195C,0.9992,644.5,2148.2,472.1,1543.9
241,2,1,16,172,W6 26022,1.0023,569.5,3068.6,813.7,1340.5
242,2,1,16,27,PI 451598,1.0055,505.3,1816.8,686.7,1132.3
243,2,1,16,255,Royal,1.0091,562.5,2215,449.9,1255
244,2,1,16,95,W6 25934,1.0035,606.8,3213.6,488.2,1364.9
245,2,1,16,240,CA17900020C,1.0045,620.5,2699.5,246.9,1749.6
246,2,1,16,228,CA16940193C,1.0065,629.1,3498.7,374.5,1349.5
247,2,1,16,99,W6 25939,1.0044,654.6,2091.9,594.6,1905.9
248,2,1,16,134,W6 25978,1.0021,452.1,1957.5,391.3,1523
249,2,1,16,230,CA16940200C,1.0002,414.6,2148.2,383.5,1105.9
250,2,1,16,11,PI 359852,1.0003,622.4,1710.6,295.8,1280.7
251,2,1,16,157,W6 26003,1.0026,543.2,1868,536.1,1551.6
252,2,1,16,77,W6 25914,1.0065,585.6,1613.8,660.4,1266.4
253,2,1,16,37,W6 25871,1.0014,613.6,1584.8,572.1,1659.9
254,2,1,16,126,W6 25970,1.0054,601.3,1742.7,741.9,1769.8
255,2,1,16,237,CA17900016C,1.0062,584,2055.6,763.6,1342.7
256,2,1,16,59,W6 25894,1.0031,582.6,1911.3,704.2,1280.2
257,2,2,17,41,W6 25875,1.0012,686.3,1866.4,692,1174.2
258,2,2,17,237,CA17900016C,1.0021,571.4,2189,765.8,1440.9
259,2,2,17,213,CA13900147C ,1.0025,635.5,1978.5,723.1,1557.7
260,2,2,17,112,W6 25953,1.0031,611.6,2236.5,743.9,1334.1
261,2,2,17,80,W6 25917,1.0012,575.9,2208,785,1132.6
262,2,2,17,105,W6 25945,1.0011,554.6,3311.4,752.7,1259.9
263,2,2,17,2,PI 215702,1.0014,533.9,2049.8,806.1,1362.3
264,2,2,17,120,W6 25962,1.0015,537.2,2473,716,1747.8
265,2,2,17,160,W6 26006,1.0021,567.8,2422.7,783.9,1350
266,2,2,17,132,W6 25976,1.0041,545.7,1529.8,682.9,1898.8
267,2,2,17,58,W6 25893,1.0001,527.6,1825.8,724.2,1519.9
268,2,2,17,31,W6 25865,1.0023,506.9,1787.3,762.1,1099.2
269,2,2,17,236,CA17900014C,1.0021,488.3,1847.1,720.2,1273.2
270,2,2,17,68,W6 25903,1.0025,545.3,1458.1,681.4,1545.5
271,2,2,17,196,W6 26046,1.0024,585,1207.3,663.7,1266.5
272,2,2,17,206,CA0890B0429C ,1.0012,619.5,1679.9,719,1653.6
273,2,2,18,5,PI 250144,1.0021,548.5,2082.4,695.7,1768.5
274,2,2,18,59,W6 25894,1.0041,487.3,3773.6,866.5,1340.1
275,2,2,18,148,W6 25992,1.0021,545.5,2323.7,818.2,1276.3
276,2,2,18,179,W6 26029,1.0025,585,4298.2,771.8,1168
277,2,2,18,97,W6 25937,NA,NA,NA,NA,NA
278,2,2,18,170,W6 26017,1.0021,608.4,2110.2,702.5,1552.1
279,2,2,18,229,CA16940195C,1.0085,627.8,1840.4,725.5,1321.7
280,2,2,18,40,W6 25874,1.0065,433.5,1563.2,711.5,1122.1
281,2,2,18,178,W6 26028,1.0024,398.3,2541,714,1253.3
282,2,2,18,205,CA0790B0547C ,1.0012,598.8,2495.6,831.4,1357.1
283,2,2,18,26,PI 451453,1.0011,523.9,3395.2,410,1741.5
284,2,2,18,198,W6 26048,1.0021,566.4,2201.6,755.7,1344.6
285,2,2,18,223,CA15940142W ,1.0025,590.3,1806.2,904.2,1894.3
286,2,2,18,183,W6 26033,1.0027,580.6,2110.8,557.6,1509.9
287,2,2,18,47,W6 25881,1.0039,563.7,3099.1,588.4,1093
288,2,2,18,253,Myles,1.0047,560.2,2441.5,766.3,1264.9
289,2,2,19,73,W6 25909,1.0023,660.2,1772.7,730,1539.6
290,2,2,19,99,W6 25939,1.0022,550.2,2085.9,423.1,1261.7
291,2,2,19,144,W6 25988,1.0045,610.8,3078.5,899.3,1641.5
292,2,2,19,10,PI 359838,1.0053,587.7,2195.6,699.2,1755.8
293,2,2,19,246,CA17900046C,1.0022,554,2203.9,722.3,1337.2
294,2,2,19,204,CA0790B0043C ,1.0012,534,2126.3,516,1272.4
295,2,2,19,24,PI 451431,1.0003,514.7,2637.8,549.8,1165.9
296,2,2,19,146,W6 25990,1.0087,513.6,2119.4,465.8,1420
297,2,2,19,188,W6 26038,1.0023,546.6,3056.4,810.5,1545.6
299,2,2,19,7,PI 359317,1.002,507.1,2221.8,451.3,1122.7
300,2,2,19,221,CA15940130C ,1.0007,489,3209.7,487.6,1250.4
301,2,2,19,159,W6 26005,NA,NA,NA,NA,NA
302,2,2,19,254,CDC Frontier,1.0047,524,3491,373.6,1728.3
303,2,2,19,128,W6 25972,1.0038,562.6,2084.8,592.5,1337
304,2,2,19,91,W6 25930,1.0022,595.9,1949.5,389.7,1887.2
305,2,2,20,174,W6 26024,1.0056,526.4,2128.1,380,1499.6
306,2,2,20,240,CA17900020C,0.9992,471.6,1705.6,294.9,1093.8
307,2,2,20,61,W6 25896,1.0052,523.7,1855.7,532.6,1259.2
308,2,2,20,125,W6 25967,1.0058,561.5,1608.4,658.2,1528.1
309,2,2,20,109,W6 25949,1.0089,572.9,1566.7,565.6,1248.3
310,2,2,20,17,PI 360583,1.0011,586.5,1743.2,742.1,1640.5
311,2,2,20,39,W6 25873,1.0033,607.7,2053.2,762.7,1752.3
312,2,2,20,70,W6 25905,1.0014,419.6,1906.9,702.6,1333
313,2,2,20,187,W6 26037,1.0014,384,1858.6,689.1,1267
314,2,2,20,71,W6 25906,1.001,576.8,2182.7,763.6,1160.4
315,2,2,20,74,W6 25911,1.0032,503.4,1969.2,719.7,1422.1
316,2,2,20,211,CA13900129C,1.004,544.4,2225.6,740.2,1536.8
317,2,2,20,50,W6 25884,1.0017,568.9,2198.1,781.5,1320
318,2,2,20,101,W6 25941,1.0023,559.3,3294.2,748.7,1117.8
319,2,2,20,115,W6 25957,1.009,540.1,2026.2,796.8,1235.1
320,2,2,20,131,W6 25975,0.9999,542,2467,714.3,1348
321,2,2,21,226,CA16940136C,1.0011,636.5,2415.5,781.5,1727.6
322,2,2,21,27,PI 451598,1.0009,530.5,1528.6,682.4,1335.5
323,2,2,21,123,W6 25965,1.0016,589.9,1815.8,720.2,1880.8
324,2,2,21,247,Dwelley,1.0073,564.8,1771.4,755.2,1491
325,2,2,21,42,W6 25876,1.0045,532.3,1835.4,715.6,1083.6
326,2,2,21,154,W6 25999,1.0049,512.4,1448.8,677.1,1254.5
327,2,2,21,164,W6 26010,1.003,494.4,1201.8,660.6,1526.3
328,2,2,21,38,W6 25872,1.0007,498.5,1674,716.5,1253.5
329,2,2,21,35,W6 25869,1.0051,524.9,2067.9,690.8,1627.4
330,2,2,21,256,Spanish White,1.0005,507.8,3772,866.2,1750.1
331,2,2,21,239,CA17900019C,1.0003,489.2,2318.5,816.4,1329.1
332,2,2,21,79,W6 25916,1.0001,471.2,4291.2,718.4,1263.6
333,2,2,21,177,W6 26027,1.0034,452.2,1757.5,768.1,1153
334,2,2,21,76,W6 25913,1.0007,506.6,2104.7,700.7,1419.9
335,2,2,21,185,W6 26035,1.0003,543.7,1848.1,728.5,1536.3
336,2,2,21,231,CA16940221C,1.0016,574.2,1564.5,712.1,1314.8
337,2,2,22,49,W6 25883,1.0083,505.6,2516,707,1106.7
338,2,2,22,228,CA16940193C,1.0017,453,2484.4,827.7,1239.1
339,2,2,22,90,W6 25929,1.0015,506.2,3380.3,408.2,1340.5
340,2,2,22,227,CA16940182C,1.0019,542.8,2193.2,752.8,1719.3
341,2,2,22,60,W6 25895,1.0006,556.3,1802.3,902.3,1330.5
342,2,2,22,44,W6 25878,1.0013,564.7,2105.3,556.1,1873.8
343,2,2,22,107,W6 25947,1.0044,584.6,3085.2,585.8,1489.4
344,2,2,22,23,PI 451305,1.30023,311.2,1879,589.7,833.8
345,2,2,22,169,W6 26016,1.0037,368.9,1763.1,726.1,1251
346,2,2,22,111,W6 25951,1.0045,553.5,2072.8,420.5,1517.9
347,2,2,22,4,PI 249981,1.0009,485.9,3077.2,565.6,1248.2
348,2,2,22,21,PI 451043,1.0013,525.7,2195.6,699.2,1627.1
349,2,2,22,15,PI 360273,1.0062,545.4,2186.3,716.5,1733.2
350,2,2,22,86,W6 25923,1.0073,535.9,2105,510.8,1314.6
351,2,2,22,1,PI 212893,1.0045,522.4,2616.2,545.3,1253
352,2,2,22,225,CA16940099C,1.0021,520.8,2124.8,467,1149.9
353,2,2,23,9,PI 359375,1.0037,611.4,3039.9,806.1,1410
354,2,2,23,230,CA16940200C,1.0045,509.1,1804,681.9,1523.7
355,2,2,23,203,Billy Beans,1.0001,568.9,2217.1,450.4,1311.5
356,2,2,23,29,PI 675524,1.0009,547.4,3196.2,485.6,1110.5
357,2,2,23,3,PI 239859,1.0012,514.3,2686.8,245.7,1234.8
358,2,2,23,46,W6 25880,1.0073,492.3,3468,371.2,1327.4
359,2,2,23,199,W6 26049,1.0069,474.2,2070.1,588.3,1703.9
360,2,2,23,34,W6 25868,1.0083,476.5,1930,385.8,1315.1
361,2,2,23,248,Sawyer,1.0001,508.1,2131.3,380.5,1868.6
362,2,2,23,215,CA13900162C ,1.0098,484.6,1681,290.6,1475.5
363,2,2,23,171,W6 26018,1.0052,468.8,1848.2,530.5,1074.2
364,2,2,23,209,CA13900049C ,1.0085,449.9,1597.7,653.8,1240
365,2,2,23,113,W6 25954,1.0063,434.2,1564.5,564.8,1509.1
366,2,2,23,102,W6 25942,1.0074,484.6,1725.4,734.6,1235.2
367,2,2,23,238,CA17900017C,1.0054,520.9,2040.8,758.1,1614
368,2,2,23,85,W6 25922,1.0021,552.7,1898,699.3,1733.4
369,2,2,24,55,W6 25890,1.0085,486.8,1838.1,681.5,1307.7
370,2,2,24,126,W6 25970,1.0021,436.1,2171.5,759.7,1251
371,2,2,24,232,CA16940239C,1.0041,486.2,1959.6,716.2,1143
372,2,2,24,124,W6 25966,1.0074,519.9,2209.2,734.8,1399.2
373,2,2,24,216,CA15940019C ,1.0052,533.3,2181.7,775.6,1516.6
374,2,2,24,250,CA13900101G,1.0021,543.4,3281.7,745.9,1303.7
375,2,2,24,14,PI 360223,1.0041,563.1,2028,797.5,1102.5
376,2,2,24,243,CA17900034C,1.0054,387.5,2443.7,707.5,1224.7
377,2,2,24,224,CA15940154C ,1.0014,356.1,2405.1,778.1,1329.9
378,2,2,24,166,W6 26012,1.0021,534.3,1520.7,678.8,1705.2
379,2,2,24,106,W6 25946,1.0041,466.4,1804,715.6,1315.3
380,2,2,24,141,W6 25985,1.0087,502.5,1761.8,751.2,1845.2
381,2,2,24,36,W6 25870,1.0001,528.4,1836.1,715.9,1483.8
382,2,2,24,87,W6 25924,1.0002,519.8,1449.8,677.5,1075.3
383,2,2,24,48,W6 25882,1.0003,505.2,1200.2,659.8,1245.2
384,2,2,24,182,W6 26032,1.0005,502.3,1667.7,713.8,1511.8
385,2,2,25,145,W6 25989,1.0009,590.4,2068.3,691,1238.2
386,2,2,25,11,PI 359852,1.0005,492.2,3756.9,862.7,1615.4
387,2,2,25,118,W6 25960,1.0006,547.6,2308.6,812.9,1729
388,2,2,25,161,W6 26007,1.0007,527.3,4271.5,728.5,1312.7
389,2,2,25,51,W6 25885,1.0006,495.5,1755.3,767.1,1247.9
390,2,2,25,214,CA13900151C ,1.0008,477.1,2096.1,697.8,1142.2
391,2,2,25,156,W6 26002,1.0007,459.5,1840,725.3,1403
392,2,2,25,22,PI 451187,1.0002,462.6,1560.4,710.3,1518.1
393,2,2,25,200,W6 26050,1.0005,489.1,2525.5,709.7,1300.5
394,2,2,25,217,CA15940045C ,1.0008,470.8,2476.7,825.1,1101.7
395,2,2,25,173,W6 26023,1.0004,453.6,3370.5,407,1225.9
396,2,2,25,81,W6 25918,1.0001,436.9,2188.4,751.1,1326.3
397,2,2,25,167,W6 26014,1.0008,420.5,1794.8,697.8,1700.6
398,2,2,25,75,W6 25912,1.0006,469.9,2098.4,554.3,1314.6
399,2,2,25,13,PI 360188,1.0008,503.9,3083.9,585.5,1852.4
400,2,2,25,25,PI 451433,1.0009,532.9,2431.2,763,1476.7
401,2,2,26,195,W6 26045,1.0023,471.7,1758.5,724.2,1068.7
402,2,2,26,77,W6 25914,1.0026,419.7,2068.4,419.6,1237.4
403,2,2,26,186,W6 26036,1.0041,468.2,3055.1,892.5,1500.3
404,2,2,26,147,W6 25991,1.0074,500.6,2173.6,692.2,1225.3
405,2,2,26,89,W6 25926,1.0021,515.1,2186.5,716.6,1606.3
406,2,2,26,122,W6 25964,1.0058,521.3,2099.7,509.5,1713.2
407,2,2,26,110,W6 25950,1.0069,540.8,2599.5,541.8,1299.3
408,2,2,26,222,CA15940141C ,1.0024,374.3,2115.7,465,1240.6
409,2,2,26,33,W6 25867,1.0052,341.6,3023.2,801.7,1132.6
410,2,2,26,103,W6 25943,1.0062,512.4,1793.8,678,1389.7
411,2,2,26,135,W6 25979,1.0021,450.1,2203.8,447.7,1509.1
412,2,2,26,108,W6 25948,1.0025,486.9,3178.3,482.9,1292.8
413,2,2,26,20,PI 450953,1.0036,507.1,2669.6,244.1,1094.2
414,2,2,26,66,W6 25901,1.0021,499.6,3472,371.6,1218.9
415,2,2,26,54,W6 25888,1.0032,580.4,2069.4,588.1,1316.9
416,2,2,26,251,CA13900103G,1.0035,604.9,1931.4,386.1,1689.2
417,2,2,27,6,PI 359111,1.0063,593.4,2109.7,376.7,1301.9
418,2,2,27,157,W6 26003,1.0045,577.9,1683.1,291,1838.1
419,2,2,27,181,W6 26031,1.0025,575.9,1845.8,529.8,1468.4
420,2,2,27,155,W6 26001,1.0047,675.6,1597.3,653.7,1061.9
421,2,2,27,168,W6 26015,1.0074,561.5,1556.5,561.9,1226.5
422,2,2,27,189,W6 26039,1.0045,626.5,1723.4,733.7,1493.7
423,2,2,27,117,W6 25959,1.0056,602.7,2032.2,754.9,1222.6
424,2,2,27,249,CDC orion,1.0054,566.5,1884.1,694.2,1594.7
425,2,2,27,140,W6 25984,1.0021,547.3,1842.4,683.1,1712.6
426,2,2,27,104,W6 25944,1.0052,525.5,2156.2,754.4,1296.3
427,2,2,27,184,W6 26034,1.0085,526.9,1943.2,710.2,1228.2
428,2,2,27,16,PI 360279,1.0078,557.7,2199.5,731.5,1125.2
429,2,2,27,220,CA15940127C ,1.0095,536.1,2163.7,769.2,1379.6
430,2,2,27,83,W6 25920,1.0054,518.4,3257.8,740.5,1498.1
431,2,2,27,153,W6 25998,1.0065,498.7,2015,792.4,1282.5
432,2,2,27,88,W6 25925,1.0041,481.4,2437.1,705.6,1089.3
433,2,2,28,57,W6 25892,1.0024,538.7,2393,774.3,1213.7
434,2,2,28,95,W6 25934,NA,NA,NA,NA,NA
435,2,2,28,93,W6 25932,1.0025,611.1,1799.7,713.8,1684.2
436,2,2,28,28,PI 675523,NA,NA,NA,NA,NA
437,2,2,28,191,W6 26041,1.0025,482.2,1824.3,711.3,1834.4
438,2,2,28,235,CA17900013C,1.0027,538.6,1440.4,673.1,1462.3
439,2,2,28,98,W6 25938,1.0024,577.9,1192.9,655.8,1060.1
440,2,2,28,244,CA17900037C,1.0031,591.1,1656.7,709.1,1226.9
441,2,2,28,62,W6 25897,1.0052,599.2,2051.2,685.2,1486.7
442,2,2,28,197,W6 26047,1.0012,624.7,3739.2,858.6,1223
443,2,2,28,78,W6 25915,1.0085,427.3,2281.3,803.3,1583.4
444,2,2,28,30,W6 25864,1.0062,392,4231.1,890.1,1698.8
445,2,2,28,53,W6 25887,1.0032,590.4,1743.8,762.1,1293.7
446,2,2,28,121,W6 25963,1.0052,882.6,2078.6,692,1227.3
447,2,2,28,193,W6 26043,1.0012,672.8,1831.7,722,1128.1
448,2,2,28,127,W6 25971,NA,NA,NA,NA,NA
449,2,2,29,192,W6 26042,1.0062,781.8,2501.1,702.8,1491
450,2,2,29,37,W6 25871,1.0016,756.4,2464.8,821.2,1283.6
451,2,2,29,212,CA13900139C ,1.0023,700.7,3350.6,404.6,1086.9
452,2,2,29,43,W6 25877,1.0021,695.3,2175.3,746.6,1209.2
453,2,2,29,119,W6 25961,1.0041,566,1781.7,692.7,1305.2
454,2,2,29,208,CA13900046C ,NA,NA,NA,NA,NA
455,2,2,29,129,W6 25973,1.0021,457.7,3067.5,582.4,1296.9
456,2,2,29,162,W6 26008,1.0022,687.1,2418.3,759,1827.6
457,2,2,29,176,W6 26026,1.0002,602.3,1755.2,722.8,1460
458,2,2,29,52,W6 25886,1.0012,651.1,2063,418.5,1057.1
459,2,2,29,12,PI 359864,1.0011,679,3052,891.6,1224.4
460,2,2,29,190,W6 26040,1.0021,667.3,2176.3,693,1485.3
461,2,2,29,165,W6 26011,1.0003,649.8,2181.6,715,1219.2
462,2,2,29,175,W6 26025,1.0024,644.9,2098.3,509.2,1586.6
463,2,2,29,194,W6 26044,1.0005,759.7,2605.7,543.1,1701.7
464,2,2,29,218,CA15940049C ,NA,NA,NA,NA,NA
465,2,2,30,152,W6 25996,NA,NA,NA,NA,NA
466,2,2,30,172,W6 26022,1.0002,678.5,1797.3,679.3,1124.7
467,2,2,30,18,PI 450727,1.0023,652,2194.5,445.8,1378.4
468,2,2,30,138,W6 25982,1.0024,627.8,3165.9,481,1490.6
469,2,2,30,242,CA17900028C,1.0012,605.3,2665.3,243.7,1278.9
470,2,2,30,202,Nash,1.0056,580.4,3446.1,368.8,1079
471,2,2,30,45,W6 25879,1.0024,560.7,2062.8,586.3,1204
472,2,2,30,151,W6 25995,1.0012,540.6,1928.1,385.4,1303.8
473,2,2,30,139,W6 25983,1.0085,599.6,2096.6,374.3,1660.8
474,2,2,30,142,W6 25986,1.0054,645.2,1674.8,289.6,1287.5
475,2,2,30,207,CA13900023C,1.0024,684.4,1838.6,527.7,1820
476,2,2,30,245,CA17900042C,1.0065,604.1,1588.1,649.9,1445.1
477,2,2,30,8,PI 359366,1.0074,537.3,1550.3,559.6,1046.4
478,2,2,30,133,W6 25977,1.0021,603.4,1720.6,732.5,1218.3
479,2,2,30,210,CA13900119C ,1.0024,647.1,2030.5,754.3,1479
480,2,2,30,241,CA17900021C,1.0085,658.4,1870.8,689.3,1204.5
481,2,2,31,180,W6 26030,1.0024,672.8,1834.5,680.2,1580.3
482,2,2,31,134,W6 25978,1.0026,698.5,2153.1,753.3,1691.3
483,2,2,31,56,W6 25891,1.0024,481.4,1947.2,711.7,1284.4
484,2,2,31,63,W6 25898,1.0021,440.8,2203.1,732.7,1221.2
485,2,2,31,143,W6 25987,1.0025,661.5,2170.1,771.5,1117.6
486,2,2,31,252,CA13900104G,1.0024,578.7,3254.5,739.7,1372.8
487,2,2,31,219,CA15940057C ,1.0028,626.1,2014.4,792.2,1484.1
488,2,2,31,65,W6 25900,1.0025,652.9,2431.2,703.9,1272.2
489,2,2,31,136,W6 25980,1.0021,642.6,2384.2,771.4,1078.4
490,2,2,31,94,W6 25933,1.0032,624,1506.8,676.9,1198.2
491,2,2,31,137,W6 25981,1.0021,621.2,1793.2,711.3,1297.4
492,2,2,31,150,W6 25994,1.0025,730.1,1758.5,729.5,1664
493,2,2,31,163,W6 26009,1.0032,608,1815.8,707.9,1285.2
494,2,2,31,201,Sierra,1.0011,677.9,1436.9,671.5,1815
495,2,2,31,149,W6 25993,1.0021,652.1,1188.5,653.3,1445.6
496,2,2,31,114,W6 25955,1.0024,612.7,1651.2,706.7,1047.4
497,2,2,32,100,W6 25940,1.0051,588.4,2043.2,682.6,1209.8
498,2,2,32,255,Royal,1.0021,568.4,3720.9,854.4,1473.5
499,2,2,32,233,CA17900005C,1.0025,582.2,2285.8,804.9,1206.9
500,2,2,32,82,W6 25919,1.0032,738,4226.8,889.2,1572.7
501,2,2,32,72,W6 25907,1.0025,571.6,1738,759.6,1684.7
502,2,2,32,130,W6 25974,1.0002,605.9,2080.6,692.6,1282.1
503,2,2,32,116,W6 25958,1.0007,583.2,1825.2,719.5,1218.1
504,2,2,32,92,W6 25931,1.0012,670.2,1546.4,703.9,1114.6
505,2,2,32,64,W6 25899,1.0059,569.7,2491.8,700.2,1362.5
506,2,2,32,234,CA17900011C,1.0069,601.9,2442,813.6,1472.1
507,2,2,32,69,W6 25904,1.0001,583.6,3344.5,403.8,1270.1
508,2,2,32,67,W6 25902,1.0062,558.6,2157.7,740.6,1069.7
509,2,2,32,96,W6 25936,1.0023,540,1777.8,691.2,1194.5
510,2,2,32,84,W6 25921,1.0045,518.9,2073.5,686.9,1289.1
511,2,2,32,19,PI 450831,1.0013,581.6,3057.7,580.5,1659.3
512,2,2,32,158,W6 26004,1.0012,623.9,2411,756.7,1282.6
513,2,3,33,145,W6 25989,1.001,660,1746.7,719.3,1807.9
514,2,3,33,240,CA17900020C,1.0008,585.1,2055.6,417,1441.7
515,2,3,33,144,W6 25988,1.0009,520.7,3040.4,888.2,1044.8
516,2,3,33,124,W6 25966,1.0002,582.2,2171.7,691.6,1210.8
517,2,3,33,80,W6 25917,1.0023,623.2,2168.6,710.7,1467.3
518,2,3,33,46,W6 25880,1.0052,636.1,2084.1,505.8,1198.8
519,2,3,33,117,W6 25959,1.0041,646.8,2585.9,539,1565
520,2,3,33,92,W6 25931,1.0021,673,2099.4,753,1678.6
521,2,3,33,62,W6 25897,1.0067,461.6,2994.6,412.9,1268.7
522,2,3,33,52,W6 25886,1.0059,422.9,1780,672.8,1206.9
523,2,3,33,239,CA17900019C,1.0072,634.1,2175.1,441.8,1103.5
524,2,3,33,245,CA17900042C,1.0083,554,3134.8,476.3,1353.8
525,2,3,33,20,PI 450953,1.0001,604.5,2657.6,243,1476.2
526,2,3,33,183,W6 26033,1.0011,712.1,3447.7,369,1263.8
527,2,3,33,1,PI 212893,1.0009,572.5,2057.6,584.8,1071.1
528,2,3,33,114,W6 25955,1.0016,605.1,1919.6,383.7,1190.5
529,2,3,34,180,W6 26030,1.0073,579.4,2090.7,373.3,1280.4
530,2,3,34,95,W6 25934,1.001,561.5,1675.5,289.7,1653.2
531,2,3,34,233,CA17900005C,1.0045,538.8,1827.4,524.5,1273.2
532,2,3,34,179,W6 26029,1.003,519.7,1587.3,649.6,1797.1
533,2,3,34,51,W6 25885,1.0049,579.5,1547.9,558.8,1430.1
534,2,3,34,122,W6 25964,1.0052,621.4,1708.5,727.4,1036.1
535,2,3,34,129,W6 25973,NA,NA,NA,NA,NA
536,2,3,34,120,W6 25962,NA,NA,NA,NA,NA
537,2,3,34,224,CA15940154C ,NA,NA,NA,NA,NA
538,2,3,34,142,W6 25986,1.0025,580.9,2144.7,750.3,1561.2
539,2,3,34,184,W6 26034,1.0023,623.2,1939.6,708.9,1671.6
540,2,3,34,211,CA13900129C,NA,NA,NA,NA,NA
541,2,3,34,15,PI 360273,1.0025,647.9,2161.4,768.4,1206.2
542,2,3,34,102,W6 25942,1.0024,672.8,3241.5,736.8,1104.3
543,2,3,34,128,W6 25972,1.0021,627,2007.7,789.6,1356.7
544,2,3,34,231,CA16940221C,1.0023,571.7,2421.9,701.2,1467
545,2,3,35,9,PI 359375,1.0022,604.7,2374.4,768.2,1257.3
546,2,3,35,11,PI 359852,1.0026,582.1,1501.7,674.6,1065
547,2,3,35,93,W6 25932,1.0032,560.2,1784,707.6,1183.9
548,2,3,35,247,Dwelley,1.0031,631.1,1750.5,726.2,1280.6
549,2,3,35,97,W6 25937,1.0024,571.7,1809.9,705.7,1644.3
550,2,3,35,208,CA13900046C ,1.0001,606,1432.6,669.5,1273.7
551,2,3,35,24,PI 451431,1.0021,582.4,1183.7,650.7,1791.5
552,2,3,35,243,CA17900034C,1.0025,554.9,1644.4,703.8,1427.8
553,2,3,35,136,W6 25980,1.0078,537,2029.5,678,1029.3
554,2,3,35,234,CA17900011C,1.0024,520,3704.9,850.8,1198.5
555,2,3,35,4,PI 249981,1.0012,581.6,2279.6,802.7,1457.2
556,2,3,35,31,W6 25865,1.0021,623.4,4214.5,886.6,1192.9
557,2,3,35,8,PI 359366,1.0085,655.1,1720.7,752,1545.7
558,2,3,35,83,W6 25920,1.0045,582.9,2063.4,686.9,1661.2
559,2,3,35,115,W6 25957,1.0024,520,1814.9,715.4,1264
560,2,3,35,251,CA13900103G,1.0065,578.5,1532.1,697.4,1196.6
561,2,3,36,49,W6 25883,1.0054,621.3,2483.1,697.8,1096.6
562,2,3,36,27,PI 451598,1.0042,636.7,2438.7,812.5,1348.5
563,2,3,36,148,W6 25992,1.0041,797.6,3317.9,400.6,1458.5
564,2,3,36,43,W6 25877,1.0024,571.7,2157.2,740.4,1252.1
565,2,3,36,89,W6 25926,1.0085,600.9,1759.8,684.2,1054.5
566,2,3,36,17,PI 360583,1.0045,581,2065.2,684.2,1177.6
567,2,3,36,2,PI 215702,1.0024,560.7,3042.1,577.6,1276.3
568,2,3,36,34,W6 25868,1.0025,539.9,2398.2,752.7,1637.5
569,2,3,36,140,W6 25984,1.0036,519.3,1735.2,714.6,1264.2
570,2,3,36,217,CA15940045C ,1.0035,580.3,2041.9,414.2,1781.9
571,2,3,36,69,W6 25904,1.0052,621.4,3015.3,880.9,1418.2
572,2,3,36,150,W6 25994,1.0045,657.7,2153.8,685.9,1028.6
573,2,3,36,53,W6 25887,1.0021,584.3,2160.3,708,1194.1
574,2,3,36,133,W6 25977,1.0085,516.8,2069,502.1,1440.8
575,2,3,36,48,W6 25882,1.0042,579.9,2575.3,536.8,1185.6
576,2,3,36,91,W6 25930,1.0036,622.4,2087.9,748.9,1547.1
577,2,3,37,226,CA16940136C,1.0023,637.9,2995.7,413,1658.2
578,2,3,37,126,W6 25970,1.0002,649.4,1783,673.9,1261.7
579,2,3,37,213,CA13900147C ,1.0045,671.4,2172.2,441.3,1194.1
580,2,3,37,29,PI 675524,1.0052,462.3,3131.9,475.8,1092.5
581,2,3,37,143,W6 25987,1.0021,424.5,2641.7,241.6,1345.9
582,2,3,37,44,W6 25878,1.0003,638.4,3436.7,367.8,1458.2
583,2,3,37,45,W6 25879,1.0034,556.7,2044.2,581,1245.8
584,2,3,37,22,PI 451187,1.0016,603.6,1911.9,382.2,1057.5
585,2,3,37,178,W6 26028,1.0083,625.2,2080.3,371.4,1168.5
586,2,3,37,71,W6 25906,1.0017,619.1,1667.6,288.3,1272.1
587,2,3,37,12,PI 359864,1.0015,601.9,1825.5,524,1632.6
588,2,3,37,30,W6 25864,1.0011,776,1583.9,648.2,1262.3
589,2,3,37,159,W6 26005,1.0009,572.5,1547.9,558.8,1779.3
590,2,3,37,66,W6 25901,1.0059,602.5,1700.4,723.9,1411.6
591,2,3,37,19,PI 450831,1.0017,582.6,2015.7,365.8,1027.3
592,2,3,37,88,W6 25925,1.0046,559.5,1863.1,578,1186.3
593,2,3,38,55,W6 25890,1.0049,538.6,1815.3,379.4,1440.2
594,2,3,38,255,Royal,1.003,519.7,2135,747,1182.3
595,2,3,38,18,PI 450727,1.0045,616.2,1927.6,704.5,1539.5
596,2,3,38,161,W6 26007,1.001,580.3,2187.9,577.7,1653.7
597,2,3,38,191,W6 26041,1.0073,511.1,2142.5,761.7,1247.8
598,2,3,38,154,W6 25999,1.0016,457.5,3231.1,734.4,1192.8
599,2,3,38,110,W6 25950,1.0008,511.6,2002.3,787.4,1092.9
600,2,3,38,70,W6 25905,1.0002,549.1,2417.3,699.9,1343.1
601,2,3,38,160,W6 26006,1.0025,560.8,2364.2,764.9,1449.2
602,2,3,38,111,W6 25951,1.0024,569.7,1496,672,1242
603,2,3,38,171,W6 26018,1.0021,591.7,1778.8,705.6,1052.8
604,2,3,38,221,CA15940130C ,1.0041,406.9,1741.7,722.5,1168.7
605,2,3,38,220,CA15940127C ,1.0056,371.9,1796.9,700.6,1262.1
606,2,3,38,201,Sierra,1.0078,557.1,1416,661.7,1615.9
607,2,3,38,194,W6 26044,1.0054,488.5,1175.1,646,1251.9
608,2,3,38,253,Myles,1.0065,528.1,1631.3,698.2,1762.4
609,2,3,39,57,W6 25892,1.0098,548.8,2017.4,674,1400.5
610,2,3,39,99,W6 25939,1.0047,542.7,3681.6,845.4,1020.2
611,2,3,39,212,CA13900139C ,NA,NA,NA,NA,NA
612,2,3,39,112,W6 25953,1.0025,659.4,4195.9,882.7,1437.9
613,2,3,39,109,W6 25949,1.0041,647.7,1721.4,752.3,1176.3
614,2,3,39,252,CA13900104G,1.0021,630.8,2060.1,685.8,1537
615,2,3,39,199,W6 26049,1.0074,624.1,1798.6,709,1636.6
616,2,3,39,151,W6 25995,1.0054,735.2,1527.7,695.4,1245.1
617,2,3,39,64,W6 25899,1.0063,612.1,2470.9,694.3,1182.5
618,2,3,39,103,W6 25943,NA,NA,NA,NA,NA
619,2,3,39,26,PI 451453,1.0062,655.9,3297.7,398.2,1329.7
620,2,3,39,21,PI 451043,1.0035,618.1,2146.2,736.7,1442
621,2,3,39,177,W6 26027,1.0035,595.2,1761.4,684.8,1235.7
622,2,3,39,75,W6 25912,1.0045,572.6,2056.9,681.4,1046
623,2,3,39,153,W6 25998,1.0012,578,3033.6,576,1167.4
624,2,3,39,182,W6 26032,1.0031,610.2,2387.2,749.2,1260.2
625,2,3,40,6,PI 359111,1.0012,588.7,1732.4,713.4,1620
626,2,3,40,59,W6 25894,1.0007,567.2,2039.4,413.7,1252.7
627,2,3,40,118,W6 25960,1.0003,546.4,3017.9,881.6,1766.2
628,2,3,40,147,W6 25991,1.001,525.8,2152.6,685.5,1407.1
629,2,3,40,42,W6 25876,1.0011,587.4,2153.8,705.9,1019.7
630,2,3,40,204,CA0790B0043C ,1.0025,629.3,2073,503.1,1179.3
631,2,3,40,39,W6 25873,1.0035,664.9,2566.8,535,1430.7
632,2,3,40,65,W6 25900,1.0021,590.1,2082.6,747,1173.9
633,2,3,40,248,Sawyer,1.0021,525.3,2984.3,411.5,1530.8
634,2,3,40,197,W6 26047,1.0074,583.8,1763.1,666.4,1630.1
635,2,3,40,207,CA13900023C,1.0054,627.5,2161.6,439.1,1240.1
636,2,3,40,141,W6 25985,1.0062,641.7,3116.2,473.4,1177.9
637,2,3,40,96,W6 25936,1.0042,653.2,2625.6,240.1,1080.5
638,2,3,40,86,W6 25923,1.0021,679.7,3416.8,365.7,1329.8
639,2,3,40,196,W6 26046,1.0045,467.2,2033.8,578,1434.8
640,2,3,40,218,CA15940049C ,1.0052,427.3,1897.5,379.3,1228.7
641,2,3,41,174,W6 26024,1.0021,643.6,2084.8,372.2,1044.4
642,2,3,41,228,CA16940193C,1.0054,961,1654.8,286.1,1157.8
643,2,3,41,181,W6 26031,1.0062,729,1809.7,519.4,1251.3
644,2,3,41,82,W6 25919,1.0021,774.2,1576,645,1612.1
645,2,3,41,242,CA17900028C,1.0032,854,1538.2,555.3,1244.6
646,2,3,41,214,CA13900151C ,1.0024,823,1699.5,723.6,1755.4
647,2,3,41,229,CA16940195C,1.0012,763.9,2008.6,364.5,1401.2
648,2,3,41,162,W6 26008,1.0025,756.9,1859.5,576.9,1014.2
649,2,3,41,188,W6 26038,1.0026,617.3,1812.2,378.8,1174.5
650,2,3,41,215,CA13900162C ,1.0031,544,2126.3,743.9,1425.5
651,2,3,41,106,W6 25946,1.0025,498.2,1923.8,703.1,1168.7
652,2,3,41,108,W6 25948,1.0021,748.4,2176.8,574.8,1524.7
653,2,3,41,163,W6 26009,1.0054,652.5,2137.9,760.1,1626.8
654,2,3,41,68,W6 25903,1.0032,707.7,3213,730.3,1237.9
655,2,3,41,185,W6 26035,1.0012,739.3,1993.5,784,1179
656,2,3,41,127,W6 25971,1.0021,726.7,2403.1,695.8,1078.4
657,2,3,42,195,W6 26045,1.0045,704.7,2350,760.3,1321.3
658,2,3,42,134,W6 25978,1.0085,698,1481,665.3,1423.3
659,2,3,42,232,CA16940239C,1.0096,819.8,1758.6,697.5,1218.4
660,2,3,42,155,W6 26001,1.0074,684.7,1729.1,717.3,1034.7
661,2,3,42,3,PI 239859,1.0085,761,1784.6,695.8,1149.6
662,2,3,42,202,Nash,1.0063,734.4,1412.4,660,1246.1
663,2,3,42,116,W6 25958,1.0023,710,1174,645.4,1605.3
664,2,3,42,40,W6 25874,1.0021,683.9,1631.9,698.5,1241
665,2,3,42,35,W6 25869,1.0025,658.3,2024,676.1,1748.2
666,2,3,42,132,W6 25976,1.0045,632.7,3667.6,842.2,1391
667,2,3,42,7,PI 359317,1.0062,608.3,2250.1,776.9,1006.5
668,2,3,42,81,W6 25918,1.0021,588.2,4180.8,879.5,1170.4
669,2,3,42,50,W6 25884,1.0025,656.9,1717.2,750.5,1420.7
670,2,3,42,175,W6 26025,1.0029,704.4,2050.2,682.5,1163.6
671,2,3,42,193,W6 26043,1.0035,744.5,1798.4,708.9,1516.5
672,2,3,42,225,CA16940099C,1.0014,661.2,1527.6,695.3,1626.7
673,2,3,43,152,W6 25996,NA,NA,NA,NA,NA
674,2,3,43,77,W6 25914,1.0023,657,2423.8,694.3,1173
675,2,3,43,123,W6 25965,1.0025,704.6,3296.6,398.1,1073.7
676,2,3,43,10,PI 359838,1.0024,721.3,2140,734.5,1318.8
677,2,3,43,119,W6 25961,1.0027,732.5,1755.8,682.6,1425.8
678,2,3,43,105,W6 25945,1.0028,760.5,2052.2,679.8,1221.8
679,2,3,43,14,PI 360223,1.0035,523.7,3014.5,572.3,1034.6
680,2,3,43,249,CDC orion,1.0024,479.8,2379.3,746.8,1152
681,2,3,43,169,W6 26016,1.0029,720.1,1722.6,709.4,1245.4
682,2,3,43,205,CA0790B0547C ,1.0056,628.2,2021.3,410,1593.6
683,2,3,43,78,W6 25915,1.0024,682,2999.5,876.3,1235.6
684,2,3,43,209,CA13900049C ,1.0027,710.9,2140.4,681.6,1740.9
685,2,3,43,167,W6 26014,1.0028,699.3,2141.6,701.8,1387.8
686,2,3,43,84,W6 25921,1.0035,679.3,2062.7,500.6,1005.1
687,2,3,43,149,W6 25993,1.0063,673.7,2549.4,531.4,1160.8
688,2,3,43,131,W6 25975,1.0072,791.4,2063.8,740.2,1408.4
689,2,3,44,73,W6 25909,1.0045,661.2,2965.2,408.8,1157.1
690,2,3,44,157,W6 26003,NA,NA,NA,NA,NA
691,2,3,44,203,Billy Beans,1.0023,710,2159.6,438.7,1618.8
692,2,3,44,138,W6 25982,1.0024,667.2,3115.5,473.3,1229
693,2,3,44,60,W6 25895,1.0045,641.2,2614.3,239.1,1165.7
694,2,3,44,235,CA17900013C,1.0038,617.9,3397.3,363.6,1068
695,2,3,44,156,W6 26002,1.0075,630.8,2019.6,574,1306.9
696,2,3,44,222,CA15940141C ,1.0063,801.2,1887.8,377.4,1415.1
697,2,3,44,176,W6 26026,1.0042,621.4,2072.1,369.9,1215.2
698,2,3,44,94,W6 25933,1.0038,657.5,1650.8,285.4,1030.1
699,2,3,44,58,W6 25893,1.0047,632.6,1805.2,518.1,1144.8
700,2,3,44,79,W6 25916,1.0075,725.3,1561.3,638.9,1234.7
701,2,3,44,36,W6 25870,1.0045,621.2,1530,552.3,1589
702,2,3,44,101,W6 25941,1.0063,655.9,1686.2,717.9,1225.9
703,2,3,44,47,W6 25881,1.0074,630.9,1988.3,360.9,1725.8
704,2,3,44,158,W6 26004,1.0054,608.8,1846.7,572.9,1378.7
705,2,3,45,5,PI 250144,1.0021,588.2,1805.8,377.5,1002.5
706,2,3,45,237,CA17900016C,1.0049,564.8,2114,739.6,1157.8
707,2,3,45,61,W6 25896,1.0062,630.2,1909,697.7,1404.1
708,2,3,45,63,W6 25898,1.0024,678.6,2167.4,572.3,1154.9
709,2,3,45,216,CA15940019C ,1.0048,716,2130.7,757.5,1502.4
710,2,3,45,189,W6 26039,1.0063,633.7,3190.3,725.1,1605.9
711,2,3,45,107,W6 25947,1.0023,566.3,1983.3,780,1224.2
712,2,3,45,244,CA17900037C,1.0041,631.5,2388.7,691.6,1161.5
713,2,3,45,200,W6 26050,1.0027,678.4,2344.8,758.7,1064.9
715,2,3,45,135,W6 25979,1.0085,701.3,1753.4,695.5,1406.3
716,2,3,45,67,W6 25902,1.0045,731.1,1727.1,716.5,1210
717,2,3,45,165,W6 26011,1.0054,503.4,1782.9,695.1,1024.4
718,2,3,45,76,W6 25913,1.0064,460.3,1406.6,657.3,1138.3
719,2,3,45,210,CA13900119C ,1.0074,690.4,1163.4,639.5,1229.9
720,2,3,45,85,W6 25922,1.0021,607.1,1625.4,695.7,1586.4
721,2,3,46,100,W6 25940,NA,NA,NA,NA,NA
722,2,3,46,37,W6 25871,1.0045,772.8,3652.9,838.8,1723.9
723,2,3,46,186,W6 26036,1.0062,620.2,2241.1,773.8,1372.1
724,2,3,46,125,W6 25967,1.0035,657.7,4158.3,874.8,997.1
725,2,3,46,246,CA17900046C,NA,NA,NA,NA,NA
726,2,3,46,250,CA13900101G,1.0052,608.9,2037.3,678.2,1399.9
727,2,3,46,219,CA15940057C ,1.0045,586.8,1789.4,705.4,1147.8
728,2,3,46,23,PI 451305,1.0074,563.4,1512.4,688.4,1492.6
729,2,3,46,139,W6 25983,1.0021,632.8,2461.5,691.7,1606.2
730,2,3,46,256,Spanish White,1.0063,676,2404.5,664.5,1214.4
731,2,3,46,173,W6 26023,1.0024,717.7,3283.7,396.5,1158.8
732,2,3,46,16,PI 360279,1.0052,634.3,2125.5,729.5,1058
733,2,3,46,223,CA15940142W ,1.0041,565.3,1746.3,679,1300.8
734,2,3,46,121,W6 25963,1.0063,630.2,2036.8,674.8,1403.8
735,2,3,46,238,CA17900017C,1.0028,678.4,3004.5,570.4,1207.2
736,2,3,46,206,CA0890B0429C ,1.0029,694.3,2368.6,743.4,1022.8
737,2,3,47,192,W6 26042,1.0045,704.1,1712.9,705.4,1135.8
738,2,3,47,230,CA16940200C,1.0012,733.5,2022.1,410.2,1232.6
739,2,3,47,56,W6 25891,1.0035,681.9,2984.3,871.8,1577.9
740,2,3,47,227,CA16940182C,1.0082,619,2120.2,675.2,1213.8
741,2,3,47,168,W6 26015,1.0074,655.1,2123.3,695.8,1712
742,2,3,47,130,W6 25974,1.0052,632.3,2050.9,497.7,1367.9
743,2,3,47,98,W6 25938,NA,NA,NA,NA,NA
744,2,3,47,38,W6 25872,NA,NA,NA,NA,NA
745,2,3,47,33,W6 25867,1.0023,622.6,2959.8,408.1,1398.3
746,2,3,47,166,W6 26012,1.0035,657.7,1755.8,663.7,1144.4
747,2,3,47,74,W6 25911,1.0045,632.7,2146.3,436,1490.9
748,2,3,47,198,W6 26048,1.0021,610.8,3104,471.6,1599.7
749,2,3,47,236,CA17900014C,1.0049,586.5,2602.8,238,1211.2
750,2,3,47,254,CDC Frontier,1.0075,563.4,3371.3,360.8,1148.4
751,2,3,47,13,PI 360188,NA,NA,NA,NA,NA
752,2,3,47,241,CA17900021C,1.0024,678.6,1887.6,377.3,1297.8
753,2,3,48,41,W6 25875,1.0052,715.7,2061.7,368.1,1399.7
754,2,3,48,172,W6 26022,NA,NA,NA,NA,NA
755,2,3,48,90,W6 25929,1.0078,563.2,1792.4,514.5,1013.8
756,2,3,48,28,PI 675523,NA,NA,NA,NA,NA
757,2,3,48,72,W6 25907,NA,NA,NA,NA,NA
758,2,3,48,170,W6 26017,NA,NA,NA,NA,NA
759,2,3,48,164,W6 26010,1.0065,866.5,1982.1,359.7,1211
760,2,3,48,146,W6 25990,1.0045,621.2,1841,571.1,1710.1
761,2,3,48,187,W6 26037,1.0028,658.1,1797.3,375.7,1365.7
762,2,3,48,104,W6 25944,1.0096,629.5,2095.7,733.2,983.1
763,2,3,48,137,W6 25981,1.0003,611.9,1912.6,699,1149.2
764,2,3,48,190,W6 26040,1.0024,588,2158.7,570,1392.6
765,2,3,48,113,W6 25954,1.0074,563.4,2116.6,752.5,1135.4
766,2,3,48,87,W6 25924,1.0025,632.6,3189.5,725,1487.9
767,2,3,48,54,W6 25888,1.0034,678,1973.2,776,1591.3
768,2,3,48,25,PI 451433,1.0003,719.2,2388.1,691.5,1211.9
